command received: testing 1 0 0 0 1 0 0.0 1.0 0.0 1 0 1 0
(I)	1.000	0.000	0.000	0.000	1.000	0.000	0.000	1.000	0.000	1.000	0.000	1.000	0.000	
(0)	0.987	0.009	0.012	0.015	0.990	0.010	0.407	0.269	0.010	0.803	0.202	0.763	0.013	
command received: testing 1 0 0 0 1 0 0.0 1.0 0.0 1 0 1 0
(I)	1.000	0.000	0.000	0.000	1.000	0.000	0.000	1.000	0.000	1.000	0.000	1.000	0.000	
(0)	0.985	0.007	0.010	0.012	0.991	0.013	0.412	0.267	0.008	0.801	0.183	0.825	0.013	
command received: testing 1 0 0 0 1 0 1.0 0.0 0.0 1 0 1 0
(I)	1.000	0.000	0.000	0.000	1.000	0.000	1.000	0.000	0.000	1.000	0.000	1.000	0.000	
(0)	0.986	0.016	0.017	0.014	0.986	0.013	0.524	0.174	0.012	0.798	0.366	0.712	0.016	
command received: testing 1 0 0 0 1 0 1.0 0.0 0.0 1 0 1 0
(I)	1.000	0.000	0.000	0.000	1.000	0.000	1.000	0.000	0.000	1.000	0.000	1.000	0.000	
(0)	0.986	0.017	0.017	0.015	0.986	0.011	0.569	0.171	0.015	0.804	0.397	0.688	0.018	
command received: testing 1 0 0 0 1 0 1.0 0.0 0.0 1 0 1 0
(I)	1.000	0.000	0.000	0.000	1.000	0.000	1.000	0.000	0.000	1.000	0.000	1.000	0.000	
(0)	0.987	0.017	0.016	0.015	0.987	0.011	0.572	0.167	0.014	0.806	0.404	0.663	0.017	
command received: testing 1 0 0 0 1 0 0.0 0.0 0.0 1 0 1 0
(I)	1.000	0.000	0.000	0.000	1.000	0.000	0.000	0.000	0.000	1.000	0.000	1.000	0.000	
(0)	0.986	0.010	0.012	0.014	0.987	0.012	0.602	0.232	0.011	0.794	0.300	0.696	0.016	
command received: testing 1 0 0 0 1 0 1.0 0.0 0.0 0 0 1 0
(I)	1.000	0.000	0.000	0.000	1.000	0.000	1.000	0.000	0.000	0.000	0.000	1.000	0.000	
(0)	0.988	0.016	0.014	0.017	0.988	0.013	0.626	0.174	0.014	0.730	0.297	0.704	0.015	
command received: testing 1 0 0 0 1 0 1.0 0.0 0.0 0 0 1 0
(I)	1.000	0.000	0.000	0.000	1.000	0.000	1.000	0.000	0.000	0.000	0.000	1.000	0.000	
(0)	0.984	0.015	0.015	0.016	0.987	0.013	0.626	0.177	0.016	0.735	0.301	0.708	0.018	
command received: testing 1 0 0 0 1 0 0.0 0.0 0.0 0 0 1 0
(I)	1.000	0.000	0.000	0.000	1.000	0.000	0.000	0.000	0.000	0.000	0.000	1.000	0.000	
(0)	0.985	0.012	0.013	0.015	0.986	0.015	0.638	0.236	0.015	0.700	0.251	0.721	0.017	
command received: testing 1 0 0 0 1 0 1.0 0.0 0.0 0 0 1 0
(I)	1.000	0.000	0.000	0.000	1.000	0.000	1.000	0.000	0.000	0.000	0.000	1.000	0.000	
(0)	0.987	0.018	0.015	0.017	0.987	0.015	0.609	0.158	0.016	0.738	0.325	0.682	0.017	
command received: testing 1 0 0 0 1 0 0.0 0.0 0.0 0 0 1 0
(I)	1.000	0.000	0.000	0.000	1.000	0.000	0.000	0.000	0.000	0.000	0.000	1.000	0.000	
(0)	0.984	0.011	0.013	0.016	0.986	0.014	0.651	0.236	0.014	0.710	0.237	0.727	0.017	
command received: testing 1 0 0 0 1 0 1.0 0.0 0.0 0 0 1 0
(I)	1.000	0.000	0.000	0.000	1.000	0.000	1.000	0.000	0.000	0.000	0.000	1.000	0.000	
(0)	0.987	0.018	0.015	0.017	0.987	0.015	0.603	0.156	0.017	0.734	0.330	0.683	0.017	
command received: testing 1 0 0 0 1 0 1.0 0.0 0.0 1 1 0 0
(I)	1.000	0.000	0.000	0.000	1.000	0.000	1.000	0.000	0.000	1.000	1.000	0.000	0.000	
(0)	0.987	0.019	0.018	0.012	0.987	0.012	0.362	0.266	0.015	0.879	0.716	0.283	0.013	
command received: testing 1 0 0 0 1 0 1.0 0.0 0.0 1 1 0 0
(I)	1.000	0.000	0.000	0.000	1.000	0.000	1.000	0.000	0.000	1.000	1.000	0.000	0.000	
(0)	0.990	0.022	0.019	0.015	0.987	0.010	0.306	0.319	0.014	0.876	0.745	0.228	0.011	
command received: testing 1 0 0 0 1 0 1.0 0.0 0.0 1 1 0 0
(I)	1.000	0.000	0.000	0.000	1.000	0.000	1.000	0.000	0.000	1.000	1.000	0.000	0.000	
(0)	0.991	0.020	0.016	0.015	0.987	0.010	0.299	0.348	0.010	0.890	0.751	0.211	0.009	
command received: testing 1 0 0 0 1 0 1.0 0.0 0.0 1 1 0 0
(I)	1.000	0.000	0.000	0.000	1.000	0.000	1.000	0.000	0.000	1.000	1.000	0.000	0.000	
(0)	0.991	0.019	0.016	0.015	0.987	0.010	0.285	0.348	0.010	0.890	0.746	0.218	0.009	
command received: testing 1 0 0 0 1 0 1.0 0.0 0.0 1 1 0 0
(I)	1.000	0.000	0.000	0.000	1.000	0.000	1.000	0.000	0.000	1.000	1.000	0.000	0.000	
(0)	0.991	0.020	0.017	0.015	0.986	0.010	0.284	0.347	0.010	0.888	0.756	0.220	0.009	
command received: testing 1 0 0 0 1 0 0.0 0.0 0.0 1 1 0 0
(I)	1.000	0.000	0.000	0.000	1.000	0.000	0.000	0.000	0.000	1.000	1.000	0.000	0.000	
(0)	0.991	0.014	0.013	0.014	0.986	0.011	0.311	0.446	0.009	0.874	0.689	0.246	0.009	
command received: testing 1 0 0 0 1 0 0.0 0.0 0.0 1 1 0 0
(I)	1.000	0.000	0.000	0.000	1.000	0.000	0.000	0.000	0.000	1.000	1.000	0.000	0.000	
(0)	0.992	0.015	0.012	0.015	0.986	0.012	0.295	0.432	0.009	0.871	0.687	0.248	0.009	
command received: testing 1 0 0 0 1 0 0.0 0.0 0.0 1 1 0 0
(I)	1.000	0.000	0.000	0.000	1.000	0.000	0.000	0.000	0.000	1.000	1.000	0.000	0.000	
(0)	0.992	0.015	0.012	0.015	0.985	0.012	0.299	0.445	0.009	0.871	0.679	0.257	0.009	
command received: testing 1 0 0 0 1 0 0.0 1.0 0.0 1 1 0 0
(I)	1.000	0.000	0.000	0.000	1.000	0.000	0.000	1.000	0.000	1.000	1.000	0.000	0.000	
(0)	0.991	0.011	0.010	0.013	0.989	0.013	0.197	0.478	0.008	0.868	0.521	0.416	0.008	
command received: testing 1 0 0 0 1 0 0.0 1.0 0.0 1 1 0 0
(I)	1.000	0.000	0.000	0.000	1.000	0.000	0.000	1.000	0.000	1.000	1.000	0.000	0.000	
(0)	0.990	0.011	0.010	0.011	0.988	0.014	0.178	0.500	0.008	0.852	0.511	0.466	0.008	
command received: testing 1 0 0 0 1 0 0.0 1.0 0.0 1 1 0 0
(I)	1.000	0.000	0.000	0.000	1.000	0.000	0.000	1.000	0.000	1.000	1.000	0.000	0.000	
(0)	0.990	0.011	0.011	0.011	0.988	0.014	0.172	0.515	0.009	0.853	0.512	0.468	0.009	
command received: testing 1 0 0 0 1 0 0.0 1.0 0.0 0 0 1 0
(I)	1.000	0.000	0.000	0.000	1.000	0.000	0.000	1.000	0.000	0.000	0.000	1.000	0.000	
(0)	0.988	0.009	0.010	0.015	0.988	0.016	0.390	0.359	0.010	0.693	0.152	0.831	0.012	
command received: testing 1 0 0 0 1 0 0.0 1.0 0.0 0 0 1 0
(I)	1.000	0.000	0.000	0.000	1.000	0.000	0.000	1.000	0.000	0.000	0.000	1.000	0.000	
(0)	0.985	0.009	0.010	0.013	0.989	0.018	0.433	0.310	0.011	0.701	0.149	0.863	0.014	
command received: testing 1 0 0 0 1 0 0.0 1.0 0.0 0 0 1 0
(I)	1.000	0.000	0.000	0.000	1.000	0.000	0.000	1.000	0.000	0.000	0.000	1.000	0.000	
(0)	0.983	0.010	0.011	0.013	0.988	0.018	0.455	0.281	0.015	0.680	0.146	0.869	0.016	
command received: testing 1 0 0 0 1 0 0.0 1.0 0.0 0 0 1 0
(I)	1.000	0.000	0.000	0.000	1.000	0.000	0.000	1.000	0.000	0.000	0.000	1.000	0.000	
(0)	0.983	0.010	0.011	0.013	0.988	0.017	0.463	0.281	0.015	0.682	0.147	0.867	0.016	
command received: testing 1 0 0 0 1 0 0.0 1.0 0.0 0 0 1 0
(I)	1.000	0.000	0.000	0.000	1.000	0.000	0.000	1.000	0.000	0.000	0.000	1.000	0.000	
(0)	0.983	0.009	0.011	0.013	0.988	0.017	0.465	0.283	0.014	0.683	0.144	0.866	0.016	
command received: testing 1 0 0 0 1 0 0.0 1.0 0.0 0 0 1 0
(I)	1.000	0.000	0.000	0.000	1.000	0.000	0.000	1.000	0.000	0.000	0.000	1.000	0.000	
(0)	0.983	0.009	0.011	0.013	0.988	0.017	0.466	0.281	0.014	0.681	0.143	0.867	0.016	
command received: testing 1 0 0 0 1 0 0.0 1.0 0.0 1 0 1 0
(I)	1.000	0.000	0.000	0.000	1.000	0.000	0.000	1.000	0.000	1.000	0.000	1.000	0.000	
(0)	0.983	0.009	0.012	0.012	0.988	0.014	0.391	0.251	0.012	0.778	0.188	0.843	0.017	
command received: testing 1 0 0 0 1 0 0.0 1.0 0.0 1 0 1 0
(I)	1.000	0.000	0.000	0.000	1.000	0.000	0.000	1.000	0.000	1.000	0.000	1.000	0.000	
(0)	0.984	0.009	0.012	0.012	0.989	0.014	0.421	0.266	0.012	0.771	0.182	0.852	0.016	
command received: testing 1 0 0 0 1 0 0.0 1.0 0.0 1 0 1 0
(I)	1.000	0.000	0.000	0.000	1.000	0.000	0.000	1.000	0.000	1.000	0.000	1.000	0.000	
(0)	0.984	0.008	0.011	0.012	0.989	0.013	0.419	0.274	0.011	0.773	0.172	0.859	0.015	
command received: testing 1 0 0 0 1 0 0.0 1.0 0.0 1 0 1 0
(I)	1.000	0.000	0.000	0.000	1.000	0.000	0.000	1.000	0.000	1.000	0.000	1.000	0.000	
(0)	0.984	0.008	0.011	0.012	0.989	0.013	0.413	0.279	0.011	0.773	0.171	0.860	0.015	
command received: testing 1 0 0 0 1 0 0.0 1.0 0.0 1 0 1 0
(I)	1.000	0.000	0.000	0.000	1.000	0.000	0.000	1.000	0.000	1.000	0.000	1.000	0.000	
(0)	0.984	0.009	0.011	0.012	0.988	0.013	0.413	0.281	0.011	0.770	0.171	0.863	0.015	
command received: testing 1 0 0 0 1 0 0.0 0.0 0.0 1 0 1 0
(I)	1.000	0.000	0.000	0.000	1.000	0.000	0.000	0.000	0.000	1.000	0.000	1.000	0.000	
(0)	0.986	0.011	0.013	0.013	0.984	0.013	0.553	0.249	0.012	0.762	0.286	0.766	0.017	
command received: testing 1 0 0 0 1 0 0.0 0.0 0.0 1 0 1 0
(I)	1.000	0.000	0.000	0.000	1.000	0.000	0.000	0.000	0.000	1.000	0.000	1.000	0.000	
(0)	0.988	0.012	0.012	0.015	0.984	0.013	0.582	0.237	0.013	0.781	0.293	0.734	0.016	
command received: testing 1 0 0 0 1 0 0.0 0.0 0.0 1 0 1 0
(I)	1.000	0.000	0.000	0.000	1.000	0.000	0.000	0.000	0.000	1.000	0.000	1.000	0.000	
(0)	0.988	0.011	0.012	0.015	0.985	0.013	0.593	0.226	0.012	0.782	0.293	0.723	0.016	
command received: testing 1 0 0 0 1 0 1.0 0.0 0.0 1 0 1 0
(I)	1.000	0.000	0.000	0.000	1.000	0.000	1.000	0.000	0.000	1.000	0.000	1.000	0.000	
(0)	0.987	0.016	0.016	0.016	0.986	0.012	0.567	0.161	0.014	0.807	0.384	0.680	0.016	
command received: testing 1 0 0 0 1 0 1.0 0.0 0.0 1 0 1 0
(I)	1.000	0.000	0.000	0.000	1.000	0.000	1.000	0.000	0.000	1.000	0.000	1.000	0.000	
(0)	0.986	0.015	0.016	0.015	0.987	0.011	0.577	0.166	0.013	0.807	0.387	0.677	0.017	
command received: testing 1 0 0 0 1 0 1.0 0.0 0.0 1 0 1 0
(I)	1.000	0.000	0.000	0.000	1.000	0.000	1.000	0.000	0.000	1.000	0.000	1.000	0.000	
(0)	0.986	0.016	0.016	0.015	0.987	0.011	0.570	0.162	0.013	0.810	0.400	0.662	0.016	
command received: testing 1 0 0 0 1 0 1.0 0.0 0.0 1 0 1 0
(I)	1.000	0.000	0.000	0.000	1.000	0.000	1.000	0.000	0.000	1.000	0.000	1.000	0.000	
(0)	0.986	0.015	0.016	0.015	0.988	0.011	0.574	0.163	0.013	0.815	0.391	0.657	0.016	
command received: testing 1 0 0 0 1 0 1.0 0.0 0.0 0 0 1 0
(I)	1.000	0.000	0.000	0.000	1.000	0.000	1.000	0.000	0.000	0.000	0.000	1.000	0.000	
(0)	0.986	0.015	0.014	0.015	0.988	0.012	0.637	0.183	0.014	0.726	0.293	0.705	0.015	
command received: testing 1 0 0 0 1 0 1.0 0.0 0.0 0 0 1 0
(I)	1.000	0.000	0.000	0.000	1.000	0.000	1.000	0.000	0.000	0.000	0.000	1.000	0.000	
(0)	0.985	0.016	0.015	0.016	0.987	0.013	0.620	0.173	0.015	0.736	0.311	0.693	0.017	
command received: testing 1 0 0 0 1 0 1.0 0.0 0.0 0 0 1 0
(I)	1.000	0.000	0.000	0.000	1.000	0.000	1.000	0.000	0.000	0.000	0.000	1.000	0.000	
(0)	0.985	0.017	0.016	0.016	0.987	0.013	0.619	0.168	0.017	0.735	0.320	0.686	0.018	
command received: testing 1 0 0 0 1 0 1.0 0.0 0.0 0 0 1 0
(I)	1.000	0.000	0.000	0.000	1.000	0.000	1.000	0.000	0.000	0.000	0.000	1.000	0.000	
(0)	0.985	0.016	0.016	0.016	0.987	0.014	0.623	0.166	0.016	0.736	0.322	0.685	0.018	
command received: testing 1 0 0 0 1 0 1.0 0.0 0.0 0 0 1 0
(I)	1.000	0.000	0.000	0.000	1.000	0.000	1.000	0.000	0.000	0.000	0.000	1.000	0.000	
(0)	0.985	0.016	0.016	0.016	0.987	0.014	0.623	0.165	0.016	0.738	0.321	0.682	0.018	
command received: testing 1 0 0 0 1 0 1.0 0.0 0.0 0 0 1 0
(I)	1.000	0.000	0.000	0.000	1.000	0.000	1.000	0.000	0.000	0.000	0.000	1.000	0.000	
(0)	0.985	0.016	0.016	0.016	0.987	0.013	0.624	0.164	0.016	0.738	0.321	0.683	0.018	
command received: testing 1 0 0 0 1 0 0.0 0.0 0.0 0 0 1 0
(I)	1.000	0.000	0.000	0.000	1.000	0.000	0.000	0.000	0.000	0.000	0.000	1.000	0.000	
(0)	0.985	0.011	0.012	0.015	0.987	0.015	0.647	0.230	0.014	0.709	0.245	0.717	0.016	
command received: testing 1 0 0 0 1 0 1.0 0.0 0.0 1 1 0 0
(I)	1.000	0.000	0.000	0.000	1.000	0.000	1.000	0.000	0.000	1.000	1.000	0.000	0.000	
(0)	0.989	0.021	0.017	0.012	0.986	0.013	0.339	0.248	0.015	0.880	0.725	0.275	0.013	
command received: testing 1 0 0 0 1 0 1.0 0.0 0.0 1 1 0 0
(I)	1.000	0.000	0.000	0.000	1.000	0.000	1.000	0.000	0.000	1.000	1.000	0.000	0.000	
(0)	0.990	0.020	0.019	0.015	0.987	0.010	0.313	0.328	0.013	0.878	0.729	0.237	0.011	
command received: testing 1 0 0 0 1 0 1.0 0.0 0.0 1 1 0 0
(I)	1.000	0.000	0.000	0.000	1.000	0.000	1.000	0.000	0.000	1.000	1.000	0.000	0.000	
(0)	0.991	0.020	0.017	0.015	0.986	0.010	0.293	0.349	0.010	0.888	0.756	0.212	0.009	
command received: testing 1 0 0 0 1 0 1.0 0.0 0.0 1 1 0 0
(I)	1.000	0.000	0.000	0.000	1.000	0.000	1.000	0.000	0.000	1.000	1.000	0.000	0.000	
(0)	0.991	0.019	0.016	0.015	0.986	0.010	0.285	0.350	0.010	0.890	0.749	0.217	0.009	
command received: testing 1 0 0 0 1 0 0.0 0.0 0.0 1 1 0 0
(I)	1.000	0.000	0.000	0.000	1.000	0.000	0.000	0.000	0.000	1.000	1.000	0.000	0.000	
(0)	0.991	0.014	0.013	0.014	0.986	0.011	0.310	0.444	0.009	0.873	0.686	0.249	0.009	
command received: testing 1 0 0 0 1 0 0.0 0.0 0.0 1 1 0 0
(I)	1.000	0.000	0.000	0.000	1.000	0.000	0.000	0.000	0.000	1.000	1.000	0.000	0.000	
(0)	0.992	0.015	0.012	0.015	0.986	0.012	0.294	0.433	0.009	0.872	0.686	0.248	0.009	
command received: testing 1 0 0 0 1 0 0.0 0.0 0.0 1 1 0 0
(I)	1.000	0.000	0.000	0.000	1.000	0.000	0.000	0.000	0.000	1.000	1.000	0.000	0.000	
(0)	0.992	0.015	0.012	0.015	0.985	0.012	0.299	0.445	0.009	0.871	0.679	0.257	0.009	
command received: testing 1 0 0 0 1 0 0.0 1.0 0.0 1 1 0 0
(I)	1.000	0.000	0.000	0.000	1.000	0.000	0.000	1.000	0.000	1.000	1.000	0.000	0.000	
(0)	0.991	0.011	0.010	0.013	0.989	0.013	0.196	0.478	0.008	0.868	0.521	0.415	0.008	
command received: testing 1 0 0 0 1 0 0.0 1.0 0.0 1 1 0 0
(I)	1.000	0.000	0.000	0.000	1.000	0.000	0.000	1.000	0.000	1.000	1.000	0.000	0.000	
(0)	0.990	0.011	0.010	0.011	0.988	0.014	0.178	0.500	0.008	0.852	0.511	0.465	0.008	
command received: testing 1 0 0 0 1 0 0.0 1.0 0.0 1 1 0 0
(I)	1.000	0.000	0.000	0.000	1.000	0.000	0.000	1.000	0.000	1.000	1.000	0.000	0.000	
(0)	0.990	0.011	0.011	0.011	0.988	0.014	0.172	0.515	0.008	0.853	0.512	0.468	0.009	
command received: testing 1 0 0 0 1 0 0.0 1.0 0.0 0 0 1 0
(I)	1.000	0.000	0.000	0.000	1.000	0.000	0.000	1.000	0.000	0.000	0.000	1.000	0.000	
(0)	0.988	0.009	0.010	0.015	0.988	0.016	0.390	0.359	0.010	0.693	0.152	0.831	0.012	
command received: testing 1 0 0 0 1 0 0.0 1.0 0.0 0 0 1 0
(I)	1.000	0.000	0.000	0.000	1.000	0.000	0.000	1.000	0.000	0.000	0.000	1.000	0.000	
(0)	0.985	0.009	0.010	0.013	0.989	0.018	0.433	0.310	0.011	0.701	0.149	0.863	0.014	
command received: testing 1 0 0 0 1 0 0.0 1.0 0.0 0 0 1 0
(I)	1.000	0.000	0.000	0.000	1.000	0.000	0.000	1.000	0.000	0.000	0.000	1.000	0.000	
(0)	0.983	0.010	0.011	0.013	0.988	0.018	0.455	0.281	0.015	0.680	0.146	0.869	0.016	
command received: testing 1 0 0 0 1 0 0.0 1.0 0.0 0 0 1 0
(I)	1.000	0.000	0.000	0.000	1.000	0.000	0.000	1.000	0.000	0.000	0.000	1.000	0.000	
(0)	0.983	0.010	0.011	0.013	0.988	0.017	0.463	0.281	0.015	0.682	0.147	0.867	0.016	
command received: testing 1 0 0 0 1 0 0.0 1.0 0.0 0 0 1 0
(I)	1.000	0.000	0.000	0.000	1.000	0.000	0.000	1.000	0.000	0.000	0.000	1.000	0.000	
(0)	0.983	0.009	0.011	0.013	0.988	0.017	0.465	0.283	0.014	0.683	0.144	0.866	0.016	
command received: testing 1 0 0 0 1 0 0.0 1.0 0.0 0 0 1 0
(I)	1.000	0.000	0.000	0.000	1.000	0.000	0.000	1.000	0.000	0.000	0.000	1.000	0.000	
(0)	0.983	0.009	0.011	0.013	0.988	0.017	0.466	0.281	0.014	0.681	0.143	0.867	0.016	
command received: testing 1 0 0 0 1 0 0.0 0.0 0.0 0 0 1 0
(I)	1.000	0.000	0.000	0.000	1.000	0.000	0.000	0.000	0.000	0.000	0.000	1.000	0.000	
(0)	0.986	0.013	0.013	0.015	0.983	0.017	0.602	0.245	0.015	0.670	0.242	0.775	0.018	
command received: testing 1 0 0 0 1 0 0.0 1.0 0.0 1 0 1 0
(I)	1.000	0.000	0.000	0.000	1.000	0.000	0.000	1.000	0.000	1.000	0.000	1.000	0.000	
(0)	0.985	0.009	0.011	0.013	0.988	0.014	0.421	0.234	0.013	0.797	0.194	0.821	0.017	
command received: testing 1 0 0 0 1 0 0.0 1.0 0.0 1 0 1 0
(I)	1.000	0.000	0.000	0.000	1.000	0.000	0.000	1.000	0.000	1.000	0.000	1.000	0.000	
(0)	0.984	0.008	0.012	0.012	0.989	0.013	0.434	0.253	0.011	0.771	0.180	0.844	0.015	
command received: testing 1 0 0 0 1 0 0.0 0.0 0.0 1 0 1 0
(I)	1.000	0.000	0.000	0.000	1.000	0.000	0.000	0.000	0.000	1.000	0.000	1.000	0.000	
(0)	0.986	0.011	0.013	0.014	0.985	0.013	0.557	0.243	0.011	0.769	0.288	0.755	0.017	
command received: testing 1 0 0 0 1 0 0.0 1.0 0.0 1 0 1 0
(I)	1.000	0.000	0.000	0.000	1.000	0.000	0.000	1.000	0.000	1.000	0.000	1.000	0.000	
(0)	0.985	0.008	0.010	0.013	0.989	0.013	0.443	0.259	0.011	0.794	0.172	0.837	0.015	
command received: testing 1 0 0 0 1 0 0.0 0.0 0.0 1 0 1 0
(I)	1.000	0.000	0.000	0.000	1.000	0.000	0.000	0.000	0.000	1.000	0.000	1.000	0.000	
(0)	0.986	0.011	0.013	0.014	0.984	0.013	0.563	0.237	0.012	0.764	0.284	0.754	0.016	
command received: testing 1 0 0 0 1 0 0.0 1.0 0.0 1 0 1 0
(I)	1.000	0.000	0.000	0.000	1.000	0.000	0.000	1.000	0.000	1.000	0.000	1.000	0.000	
(0)	0.985	0.009	0.010	0.013	0.989	0.013	0.438	0.268	0.011	0.794	0.172	0.836	0.015	
command received: testing 1 0 0 0 1 0 0.0 0.0 0.0 1 0 1 0
(I)	1.000	0.000	0.000	0.000	1.000	0.000	0.000	0.000	0.000	1.000	0.000	1.000	0.000	
(0)	0.986	0.011	0.013	0.014	0.984	0.013	0.565	0.235	0.012	0.765	0.284	0.753	0.016	
command received: testing 1 0 0 0 1 0 0.0 0.0 0.0 1 0 1 0
(I)	1.000	0.000	0.000	0.000	1.000	0.000	0.000	0.000	0.000	1.000	0.000	1.000	0.000	
(0)	0.987	0.011	0.012	0.015	0.985	0.013	0.576	0.240	0.012	0.787	0.291	0.726	0.016	
command received: testing 1 0 0 0 1 0 0.0 0.0 0.0 0 1 1 0
(I)	1.000	0.000	0.000	0.000	1.000	0.000	0.000	0.000	0.000	0.000	1.000	1.000	0.000	
(0)	0.987	0.012	0.012	0.017	0.987	0.012	0.595	0.296	0.013	0.752	0.336	0.658	0.014	
command received: testing 1 0 0 0 1 0 1.0 0.0 0.0 1 0 1 0
(I)	1.000	0.000	0.000	0.000	1.000	0.000	1.000	0.000	0.000	1.000	0.000	1.000	0.000	
(0)	0.988	0.017	0.017	0.018	0.985	0.010	0.512	0.161	0.014	0.826	0.417	0.647	0.015	
command received: testing 1 0 0 0 1 0 1.0 0.0 0.0 1 0 1 0
(I)	1.000	0.000	0.000	0.000	1.000	0.000	1.000	0.000	0.000	1.000	0.000	1.000	0.000	
(0)	0.986	0.015	0.017	0.015	0.988	0.011	0.557	0.170	0.013	0.812	0.398	0.655	0.017	
command received: testing 1 0 0 0 1 0 1.0 0.0 0.0 1 0 1 0
(I)	1.000	0.000	0.000	0.000	1.000	0.000	1.000	0.000	0.000	1.000	0.000	1.000	0.000	
(0)	0.986	0.015	0.016	0.015	0.987	0.012	0.575	0.157	0.012	0.810	0.404	0.657	0.017	
command received: testing 1 0 0 0 1 0 0.0 0.0 0.0 1 0 1 0
(I)	1.000	0.000	0.000	0.000	1.000	0.000	0.000	0.000	0.000	1.000	0.000	1.000	0.000	
(0)	0.986	0.010	0.012	0.014	0.987	0.012	0.599	0.224	0.011	0.800	0.302	0.692	0.016	
command received: testing 1 0 0 0 1 0 1.0 0.0 0.0 0 0 1 0
(I)	1.000	0.000	0.000	0.000	1.000	0.000	1.000	0.000	0.000	0.000	0.000	1.000	0.000	
(0)	0.987	0.016	0.014	0.017	0.988	0.013	0.625	0.173	0.014	0.730	0.298	0.702	0.014	
command received: testing 1 0 0 0 1 0 0.0 0.0 0.0 0 0 1 0
(I)	1.000	0.000	0.000	0.000	1.000	0.000	0.000	0.000	0.000	0.000	0.000	1.000	0.000	
(0)	0.984	0.011	0.012	0.015	0.986	0.014	0.648	0.247	0.014	0.709	0.229	0.738	0.017	
command received: testing 1 0 0 0 1 0 1.0 0.0 0.0 0 0 1 0
(I)	1.000	0.000	0.000	0.000	1.000	0.000	1.000	0.000	0.000	0.000	0.000	1.000	0.000	
(0)	0.987	0.018	0.015	0.017	0.987	0.015	0.597	0.160	0.017	0.733	0.328	0.687	0.017	
command received: testing 1 0 0 0 1 0 1.0 0.0 0.0 0 0 1 0
(I)	1.000	0.000	0.000	0.000	1.000	0.000	1.000	0.000	0.000	0.000	0.000	1.000	0.000	
(0)	0.984	0.016	0.016	0.017	0.987	0.013	0.630	0.170	0.016	0.735	0.315	0.696	0.018	
command received: testing 1 0 0 0 1 0 1.0 0.0 0.0 0 0 1 0
(I)	1.000	0.000	0.000	0.000	1.000	0.000	1.000	0.000	0.000	0.000	0.000	1.000	0.000	
(0)	0.985	0.017	0.016	0.016	0.987	0.014	0.617	0.165	0.016	0.734	0.330	0.684	0.018	
command received: testing 1 0 0 0 1 0 1.0 0.0 0.0 1 1 0 0
(I)	1.000	0.000	0.000	0.000	1.000	0.000	1.000	0.000	0.000	1.000	1.000	0.000	0.000	
(0)	0.987	0.020	0.018	0.012	0.987	0.012	0.359	0.260	0.015	0.880	0.727	0.271	0.013	
command received: testing 1 0 0 0 1 0 1.0 0.0 0.0 1 1 0 0
(I)	1.000	0.000	0.000	0.000	1.000	0.000	1.000	0.000	0.000	1.000	1.000	0.000	0.000	
(0)	0.990	0.021	0.018	0.015	0.987	0.010	0.311	0.318	0.013	0.879	0.736	0.229	0.010	
command received: testing 1 0 0 0 1 0 1.0 0.0 0.0 1 1 0 0
(I)	1.000	0.000	0.000	0.000	1.000	0.000	1.000	0.000	0.000	1.000	1.000	0.000	0.000	
(0)	0.991	0.019	0.016	0.015	0.987	0.010	0.298	0.348	0.010	0.890	0.748	0.212	0.009	
command received: testing 1 0 0 0 1 0 1.0 0.0 0.0 1 1 0 0
(I)	1.000	0.000	0.000	0.000	1.000	0.000	1.000	0.000	0.000	1.000	1.000	0.000	0.000	
(0)	0.991	0.019	0.017	0.015	0.987	0.010	0.285	0.349	0.010	0.889	0.747	0.218	0.009	
command received: testing 1 0 0 0 1 0 1.0 0.0 0.0 1 1 0 0
(I)	1.000	0.000	0.000	0.000	1.000	0.000	1.000	0.000	0.000	1.000	1.000	0.000	0.000	
(0)	0.991	0.020	0.017	0.015	0.986	0.010	0.284	0.348	0.011	0.888	0.756	0.220	0.009	
command received: testing 1 0 0 0 1 0 0.0 0.0 0.0 1 1 0 0
(I)	1.000	0.000	0.000	0.000	1.000	0.000	0.000	0.000	0.000	1.000	1.000	0.000	0.000	
(0)	0.991	0.014	0.013	0.014	0.986	0.011	0.311	0.446	0.009	0.874	0.689	0.246	0.009	
command received: testing 1 0 0 0 1 0 0.0 0.0 0.0 1 1 0 0
(I)	1.000	0.000	0.000	0.000	1.000	0.000	0.000	0.000	0.000	1.000	1.000	0.000	0.000	
(0)	0.992	0.015	0.012	0.015	0.986	0.012	0.295	0.432	0.009	0.872	0.687	0.248	0.009	
command received: testing 1 0 0 0 1 0 0.0 0.0 0.0 1 1 0 0
(I)	1.000	0.000	0.000	0.000	1.000	0.000	0.000	0.000	0.000	1.000	1.000	0.000	0.000	
(0)	0.992	0.015	0.012	0.015	0.985	0.012	0.299	0.445	0.009	0.871	0.679	0.257	0.009	
command received: testing 1 0 0 0 1 0 0.0 1.0 0.0 1 1 0 0
(I)	1.000	0.000	0.000	0.000	1.000	0.000	0.000	1.000	0.000	1.000	1.000	0.000	0.000	
(0)	0.991	0.011	0.010	0.013	0.989	0.013	0.197	0.478	0.008	0.868	0.521	0.416	0.008	
command received: testing 1 0 0 0 1 0 0.0 1.0 0.0 1 1 0 0
(I)	1.000	0.000	0.000	0.000	1.000	0.000	0.000	1.000	0.000	1.000	1.000	0.000	0.000	
(0)	0.990	0.011	0.010	0.011	0.988	0.014	0.178	0.500	0.008	0.852	0.511	0.466	0.008	
command received: testing 1 0 0 0 1 0 0.0 1.0 0.0 0 0 1 0
(I)	1.000	0.000	0.000	0.000	1.000	0.000	0.000	1.000	0.000	0.000	0.000	1.000	0.000	
(0)	0.988	0.009	0.010	0.015	0.989	0.015	0.388	0.356	0.010	0.700	0.153	0.827	0.012	
command received: testing 1 0 0 0 1 0 0.0 1.0 0.0 0 0 1 0
(I)	1.000	0.000	0.000	0.000	1.000	0.000	0.000	1.000	0.000	0.000	0.000	1.000	0.000	
(0)	0.985	0.008	0.010	0.013	0.989	0.017	0.435	0.305	0.011	0.703	0.148	0.862	0.014	
command received: testing 1 0 0 0 1 0 0.0 1.0 0.0 0 0 1 0
(I)	1.000	0.000	0.000	0.000	1.000	0.000	0.000	1.000	0.000	0.000	0.000	1.000	0.000	
(0)	0.983	0.010	0.011	0.013	0.988	0.018	0.453	0.281	0.015	0.681	0.146	0.868	0.016	
command received: testing 1 0 0 0 1 0 0.0 1.0 0.0 0 0 1 0
(I)	1.000	0.000	0.000	0.000	1.000	0.000	0.000	1.000	0.000	0.000	0.000	1.000	0.000	
(0)	0.983	0.010	0.011	0.013	0.988	0.017	0.464	0.281	0.015	0.683	0.146	0.866	0.016	
command received: testing 1 0 0 0 1 0 0.0 1.0 0.0 0 0 1 0
(I)	1.000	0.000	0.000	0.000	1.000	0.000	0.000	1.000	0.000	0.000	0.000	1.000	0.000	
(0)	0.983	0.009	0.011	0.013	0.988	0.017	0.465	0.283	0.014	0.684	0.143	0.866	0.016	
command received: testing 1 0 0 0 1 0 0.0 1.0 0.0 0 0 1 0
(I)	1.000	0.000	0.000	0.000	1.000	0.000	0.000	1.000	0.000	0.000	0.000	1.000	0.000	
(0)	0.983	0.009	0.011	0.013	0.988	0.017	0.466	0.281	0.014	0.682	0.143	0.867	0.016	
command received: testing 1 0 0 0 1 0 0.0 1.0 0.0 1 0 1 0
(I)	1.000	0.000	0.000	0.000	1.000	0.000	0.000	1.000	0.000	1.000	0.000	1.000	0.000	
(0)	0.983	0.009	0.012	0.012	0.988	0.014	0.391	0.251	0.012	0.778	0.188	0.843	0.017	
command received: testing 1 0 0 0 1 0 0.0 1.0 0.0 1 0 1 0
(I)	1.000	0.000	0.000	0.000	1.000	0.000	0.000	1.000	0.000	1.000	0.000	1.000	0.000	
(0)	0.984	0.009	0.012	0.012	0.989	0.014	0.421	0.266	0.012	0.771	0.182	0.851	0.016	
command received: testing 1 0 0 0 1 0 0.0 1.0 0.0 1 0 1 0
(I)	1.000	0.000	0.000	0.000	1.000	0.000	0.000	1.000	0.000	1.000	0.000	1.000	0.000	
(0)	0.984	0.008	0.011	0.012	0.989	0.013	0.419	0.274	0.011	0.773	0.172	0.859	0.015	
command received: testing 1 0 0 0 1 0 0.0 1.0 0.0 1 0 1 0
(I)	1.000	0.000	0.000	0.000	1.000	0.000	0.000	1.000	0.000	1.000	0.000	1.000	0.000	
(0)	0.984	0.008	0.011	0.012	0.989	0.013	0.413	0.279	0.011	0.773	0.171	0.860	0.015	
command received: testing 1 0 0 0 1 0 0.0 1.0 0.0 1 0 1 0
(I)	1.000	0.000	0.000	0.000	1.000	0.000	0.000	1.000	0.000	1.000	0.000	1.000	0.000	
(0)	0.984	0.009	0.011	0.012	0.988	0.013	0.413	0.281	0.011	0.770	0.171	0.863	0.015	
command received: testing 1 0 0 0 1 0 0.0 0.0 0.0 1 0 1 0
(I)	1.000	0.000	0.000	0.000	1.000	0.000	0.000	0.000	0.000	1.000	0.000	1.000	0.000	
(0)	0.986	0.011	0.013	0.013	0.984	0.013	0.553	0.249	0.012	0.762	0.286	0.766	0.017	
command received: testing 1 0 0 0 1 0 0.0 0.0 0.0 1 0 1 0
(I)	1.000	0.000	0.000	0.000	1.000	0.000	0.000	0.000	0.000	1.000	0.000	1.000	0.000	
(0)	0.988	0.012	0.012	0.015	0.984	0.013	0.582	0.237	0.013	0.781	0.293	0.734	0.016	
command received: testing 1 0 0 0 1 0 0.0 0.0 0.0 1 0 1 0
(I)	1.000	0.000	0.000	0.000	1.000	0.000	0.000	0.000	0.000	1.000	0.000	1.000	0.000	
(0)	0.988	0.011	0.012	0.015	0.985	0.013	0.593	0.226	0.012	0.782	0.293	0.723	0.016	
command received: testing 1 0 0 0 1 0 1.0 0.0 0.0 1 0 1 0
(I)	1.000	0.000	0.000	0.000	1.000	0.000	1.000	0.000	0.000	1.000	0.000	1.000	0.000	
(0)	0.987	0.016	0.016	0.016	0.986	0.012	0.567	0.161	0.014	0.807	0.384	0.680	0.016	
command received: testing 1 0 0 0 1 0 1.0 0.0 0.0 1 0 1 0
(I)	1.000	0.000	0.000	0.000	1.000	0.000	1.000	0.000	0.000	1.000	0.000	1.000	0.000	
(0)	0.986	0.015	0.016	0.015	0.987	0.011	0.577	0.166	0.013	0.807	0.387	0.677	0.017	
command received: testing 1 0 0 0 1 0 1.0 0.0 0.0 1 0 1 0
(I)	1.000	0.000	0.000	0.000	1.000	0.000	1.000	0.000	0.000	1.000	0.000	1.000	0.000	
(0)	0.986	0.016	0.016	0.015	0.987	0.011	0.570	0.162	0.013	0.810	0.400	0.662	0.016	
command received: testing 1 0 0 0 1 0 0.0 0.0 0.0 1 0 1 0
(I)	1.000	0.000	0.000	0.000	1.000	0.000	0.000	0.000	0.000	1.000	0.000	1.000	0.000	
(0)	0.986	0.010	0.012	0.014	0.987	0.012	0.600	0.229	0.011	0.797	0.299	0.695	0.016	
command received: testing 1 0 0 0 1 0 1.0 0.0 0.0 1 0 1 0
(I)	1.000	0.000	0.000	0.000	1.000	0.000	1.000	0.000	0.000	1.000	0.000	1.000	0.000	
(0)	0.988	0.016	0.015	0.016	0.988	0.012	0.561	0.155	0.013	0.818	0.387	0.658	0.015	
command received: testing 1 0 0 0 1 0 1.0 0.0 0.0 0 0 1 0
(I)	1.000	0.000	0.000	0.000	1.000	0.000	1.000	0.000	0.000	0.000	0.000	1.000	0.000	
(0)	0.985	0.015	0.015	0.016	0.988	0.012	0.641	0.190	0.015	0.724	0.284	0.716	0.016	
command received: testing 1 0 0 0 1 0 1.0 0.0 0.0 0 0 1 0
(I)	1.000	0.000	0.000	0.000	1.000	0.000	1.000	0.000	0.000	0.000	0.000	1.000	0.000	
(0)	0.985	0.016	0.015	0.016	0.987	0.013	0.614	0.174	0.016	0.731	0.320	0.695	0.017	
command received: testing 1 0 0 0 1 0 1.0 0.0 0.0 0 0 1 0
(I)	1.000	0.000	0.000	0.000	1.000	0.000	1.000	0.000	0.000	0.000	0.000	1.000	0.000	
(0)	0.985	0.017	0.016	0.016	0.987	0.014	0.620	0.168	0.017	0.734	0.322	0.686	0.018	
command received: testing 1 0 0 0 1 0 1.0 0.0 0.0 0 0 1 0
(I)	1.000	0.000	0.000	0.000	1.000	0.000	1.000	0.000	0.000	0.000	0.000	1.000	0.000	
(0)	0.985	0.016	0.016	0.016	0.987	0.014	0.623	0.165	0.016	0.737	0.321	0.685	0.018	
command received: testing 1 0 0 0 1 0 1.0 0.0 0.0 0 0 1 0
(I)	1.000	0.000	0.000	0.000	1.000	0.000	1.000	0.000	0.000	0.000	0.000	1.000	0.000	
(0)	0.985	0.016	0.016	0.016	0.987	0.014	0.624	0.165	0.016	0.738	0.321	0.682	0.018	
command received: testing 1 0 0 0 1 0 1.0 0.0 0.0 1 1 0 0
(I)	1.000	0.000	0.000	0.000	1.000	0.000	1.000	0.000	0.000	1.000	1.000	0.000	0.000	
(0)	0.987	0.020	0.018	0.011	0.987	0.012	0.357	0.260	0.015	0.880	0.725	0.273	0.013	
command received: testing 1 0 0 0 1 0 1.0 0.0 0.0 1 1 0 0
(I)	1.000	0.000	0.000	0.000	1.000	0.000	1.000	0.000	0.000	1.000	1.000	0.000	0.000	
(0)	0.990	0.021	0.018	0.015	0.987	0.010	0.311	0.320	0.013	0.878	0.738	0.228	0.010	
command received: testing 1 0 0 0 1 0 1.0 0.0 0.0 1 1 0 0
(I)	1.000	0.000	0.000	0.000	1.000	0.000	1.000	0.000	0.000	1.000	1.000	0.000	0.000	
(0)	0.991	0.019	0.016	0.015	0.987	0.010	0.298	0.349	0.010	0.890	0.748	0.212	0.009	
command received: testing 1 0 0 0 1 0 1.0 0.0 0.0 1 1 0 0
(I)	1.000	0.000	0.000	0.000	1.000	0.000	1.000	0.000	0.000	1.000	1.000	0.000	0.000	
(0)	0.991	0.019	0.017	0.015	0.987	0.010	0.285	0.350	0.010	0.889	0.747	0.218	0.009	
command received: testing 1 0 0 0 1 0 1.0 0.0 0.0 1 1 0 0
(I)	1.000	0.000	0.000	0.000	1.000	0.000	1.000	0.000	0.000	1.000	1.000	0.000	0.000	
(0)	0.991	0.020	0.017	0.015	0.986	0.010	0.284	0.348	0.010	0.888	0.756	0.220	0.009	
command received: testing 1 0 0 0 1 0 0.0 0.0 0.0 1 1 0 0
(I)	1.000	0.000	0.000	0.000	1.000	0.000	0.000	0.000	0.000	1.000	1.000	0.000	0.000	
(0)	0.991	0.014	0.013	0.014	0.986	0.011	0.311	0.446	0.009	0.874	0.689	0.246	0.009	
command received: testing 1 0 0 0 1 0 0.0 0.0 0.0 1 1 0 0
(I)	1.000	0.000	0.000	0.000	1.000	0.000	0.000	0.000	0.000	1.000	1.000	0.000	0.000	
(0)	0.992	0.015	0.012	0.015	0.986	0.012	0.295	0.432	0.009	0.871	0.687	0.248	0.009	
command received: testing 1 0 0 0 1 0 0.0 0.0 0.0 1 1 0 0
(I)	1.000	0.000	0.000	0.000	1.000	0.000	0.000	0.000	0.000	1.000	1.000	0.000	0.000	
(0)	0.992	0.015	0.012	0.015	0.985	0.012	0.299	0.445	0.009	0.871	0.679	0.257	0.009	
command received: testing 1 0 0 0 1 0 0.0 1.0 0.0 1 1 0 0
(I)	1.000	0.000	0.000	0.000	1.000	0.000	0.000	1.000	0.000	1.000	1.000	0.000	0.000	
(0)	0.991	0.011	0.010	0.013	0.989	0.013	0.197	0.478	0.008	0.868	0.521	0.416	0.008	
command received: testing 1 0 0 0 1 0 0.0 1.0 0.0 1 1 0 0
(I)	1.000	0.000	0.000	0.000	1.000	0.000	0.000	1.000	0.000	1.000	1.000	0.000	0.000	
(0)	0.990	0.011	0.010	0.011	0.988	0.014	0.178	0.500	0.008	0.852	0.511	0.466	0.008	
command received: testing 1 0 0 0 1 0 0.0 1.0 0.0 1 1 0 0
(I)	1.000	0.000	0.000	0.000	1.000	0.000	0.000	1.000	0.000	1.000	1.000	0.000	0.000	
(0)	0.990	0.011	0.011	0.011	0.988	0.014	0.172	0.515	0.009	0.853	0.512	0.468	0.009	
command received: testing 1 0 0 0 1 0 0.0 1.0 0.0 0 0 1 0
(I)	1.000	0.000	0.000	0.000	1.000	0.000	0.000	1.000	0.000	0.000	0.000	1.000	0.000	
(0)	0.988	0.009	0.010	0.015	0.988	0.016	0.390	0.359	0.010	0.693	0.152	0.831	0.012	
command received: testing 1 0 0 0 1 0 0.0 1.0 0.0 0 0 1 0
(I)	1.000	0.000	0.000	0.000	1.000	0.000	0.000	1.000	0.000	0.000	0.000	1.000	0.000	
(0)	0.985	0.009	0.010	0.013	0.989	0.018	0.433	0.310	0.011	0.701	0.149	0.863	0.014	
command received: testing 1 0 0 0 1 0 0.0 1.0 0.0 0 0 1 0
(I)	1.000	0.000	0.000	0.000	1.000	0.000	0.000	1.000	0.000	0.000	0.000	1.000	0.000	
(0)	0.983	0.010	0.011	0.013	0.988	0.018	0.455	0.281	0.015	0.680	0.146	0.869	0.016	
command received: testing 1 0 0 0 1 0 0.0 1.0 0.0 0 0 1 0
(I)	1.000	0.000	0.000	0.000	1.000	0.000	0.000	1.000	0.000	0.000	0.000	1.000	0.000	
(0)	0.983	0.010	0.011	0.013	0.988	0.017	0.463	0.281	0.015	0.682	0.147	0.867	0.016	
command received: testing 1 0 0 0 1 0 0.0 1.0 0.0 0 0 1 0
(I)	1.000	0.000	0.000	0.000	1.000	0.000	0.000	1.000	0.000	0.000	0.000	1.000	0.000	
(0)	0.983	0.009	0.011	0.013	0.988	0.017	0.465	0.283	0.014	0.683	0.144	0.866	0.016	
command received: testing 1 0 0 0 1 0 0.0 1.0 0.0 0 0 1 0
(I)	1.000	0.000	0.000	0.000	1.000	0.000	0.000	1.000	0.000	0.000	0.000	1.000	0.000	
(0)	0.983	0.009	0.011	0.013	0.988	0.017	0.466	0.281	0.014	0.681	0.143	0.867	0.016	
command received: testing 1 0 0 0 1 0 0.0 1.0 0.0 1 0 1 0
(I)	1.000	0.000	0.000	0.000	1.000	0.000	0.000	1.000	0.000	1.000	0.000	1.000	0.000	
(0)	0.983	0.009	0.012	0.012	0.988	0.014	0.391	0.251	0.012	0.778	0.188	0.843	0.017	
command received: testing 1 0 0 0 1 0 0.0 1.0 0.0 1 0 1 0
(I)	1.000	0.000	0.000	0.000	1.000	0.000	0.000	1.000	0.000	1.000	0.000	1.000	0.000	
(0)	0.984	0.009	0.012	0.012	0.989	0.014	0.421	0.266	0.012	0.771	0.182	0.852	0.016	
command received: testing 1 0 0 0 1 0 0.0 1.0 0.0 1 0 1 0
(I)	1.000	0.000	0.000	0.000	1.000	0.000	0.000	1.000	0.000	1.000	0.000	1.000	0.000	
(0)	0.984	0.008	0.011	0.012	0.989	0.013	0.419	0.274	0.011	0.773	0.172	0.859	0.015	
command received: testing 1 0 0 0 1 0 0.0 1.0 0.0 1 0 1 0
(I)	1.000	0.000	0.000	0.000	1.000	0.000	0.000	1.000	0.000	1.000	0.000	1.000	0.000	
(0)	0.984	0.008	0.011	0.012	0.989	0.013	0.413	0.279	0.011	0.773	0.171	0.860	0.015	
command received: testing 1 0 0 0 1 0 0.0 1.0 0.0 1 0 1 0
(I)	1.000	0.000	0.000	0.000	1.000	0.000	0.000	1.000	0.000	1.000	0.000	1.000	0.000	
(0)	0.984	0.009	0.011	0.012	0.988	0.013	0.413	0.281	0.011	0.770	0.171	0.863	0.015	
command received: testing 1 0 0 0 1 0 0.0 0.0 0.0 1 0 1 0
(I)	1.000	0.000	0.000	0.000	1.000	0.000	0.000	0.000	0.000	1.000	0.000	1.000	0.000	
(0)	0.986	0.011	0.013	0.013	0.984	0.013	0.553	0.249	0.012	0.762	0.286	0.766	0.017	
command received: testing 1 0 0 0 1 0 0.0 0.0 0.0 1 0 1 0
(I)	1.000	0.000	0.000	0.000	1.000	0.000	0.000	0.000	0.000	1.000	0.000	1.000	0.000	
(0)	0.988	0.012	0.012	0.015	0.984	0.013	0.582	0.237	0.013	0.781	0.293	0.734	0.016	
command received: testing 1 0 0 0 1 0 0.0 0.0 0.0 1 0 1 0
(I)	1.000	0.000	0.000	0.000	1.000	0.000	0.000	0.000	0.000	1.000	0.000	1.000	0.000	
(0)	0.988	0.011	0.012	0.015	0.985	0.013	0.593	0.226	0.012	0.782	0.293	0.723	0.016	
command received: testing 1 0 0 0 1 0 1.0 0.0 0.0 1 0 1 0
(I)	1.000	0.000	0.000	0.000	1.000	0.000	1.000	0.000	0.000	1.000	0.000	1.000	0.000	
(0)	0.987	0.016	0.016	0.016	0.986	0.012	0.567	0.161	0.014	0.807	0.384	0.680	0.016	
command received: testing 1 0 0 0 1 0 1.0 0.0 0.0 1 0 1 0
(I)	1.000	0.000	0.000	0.000	1.000	0.000	1.000	0.000	0.000	1.000	0.000	1.000	0.000	
(0)	0.986	0.015	0.016	0.015	0.987	0.011	0.577	0.166	0.013	0.807	0.387	0.677	0.017	
command received: testing 1 0 0 0 1 0 1.0 0.0 0.0 1 0 1 0
(I)	1.000	0.000	0.000	0.000	1.000	0.000	1.000	0.000	0.000	1.000	0.000	1.000	0.000	
(0)	0.986	0.016	0.016	0.015	0.987	0.011	0.570	0.162	0.013	0.810	0.400	0.662	0.016	
command received: testing 1 0 0 0 1 0 1.0 0.0 0.0 1 0 1 0
(I)	1.000	0.000	0.000	0.000	1.000	0.000	1.000	0.000	0.000	1.000	0.000	1.000	0.000	
(0)	0.986	0.015	0.016	0.015	0.988	0.011	0.574	0.163	0.013	0.815	0.391	0.657	0.016	
command received: testing 1 0 0 0 1 0 1.0 0.0 0.0 0 0 1 0
(I)	1.000	0.000	0.000	0.000	1.000	0.000	1.000	0.000	0.000	0.000	0.000	1.000	0.000	
(0)	0.986	0.015	0.014	0.015	0.988	0.012	0.637	0.183	0.014	0.726	0.293	0.705	0.015	
command received: testing 1 0 0 0 1 0 0.0 0.0 0.0 0 0 1 0
(I)	1.000	0.000	0.000	0.000	1.000	0.000	0.000	0.000	0.000	0.000	0.000	1.000	0.000	
(0)	0.985	0.011	0.012	0.015	0.986	0.015	0.643	0.241	0.013	0.708	0.238	0.728	0.016	
command received: testing 1 0 0 0 1 0 1.0 0.0 0.0 0 0 1 0
(I)	1.000	0.000	0.000	0.000	1.000	0.000	1.000	0.000	0.000	0.000	0.000	1.000	0.000	
(0)	0.987	0.018	0.015	0.017	0.987	0.014	0.604	0.160	0.017	0.738	0.320	0.685	0.017	
command received: testing 1 0 0 0 1 0 1.0 0.0 0.0 0 0 1 0
(I)	1.000	0.000	0.000	0.000	1.000	0.000	1.000	0.000	0.000	0.000	0.000	1.000	0.000	
(0)	0.984	0.016	0.016	0.017	0.987	0.013	0.628	0.170	0.016	0.735	0.312	0.697	0.018	
command received: testing 1 0 0 0 1 0 0.0 0.0 0.0 0 0 1 0
(I)	1.000	0.000	0.000	0.000	1.000	0.000	0.000	0.000	0.000	0.000	0.000	1.000	0.000	
(0)	0.985	0.012	0.013	0.015	0.986	0.015	0.643	0.232	0.015	0.704	0.253	0.717	0.017	
command received: testing 1 0 0 0 1 0 1.0 0.0 0.0 0 0 1 0
(I)	1.000	0.000	0.000	0.000	1.000	0.000	1.000	0.000	0.000	0.000	0.000	1.000	0.000	
(0)	0.987	0.017	0.015	0.017	0.987	0.014	0.609	0.156	0.016	0.740	0.324	0.681	0.017	
command received: testing 1 0 0 0 1 0 0.0 0.0 0.0 0 0 1 0
(I)	1.000	0.000	0.000	0.000	1.000	0.000	0.000	0.000	0.000	0.000	0.000	1.000	0.000	
(0)	0.984	0.011	0.013	0.016	0.986	0.014	0.651	0.234	0.014	0.709	0.236	0.728	0.017	
command received: testing 1 0 0 0 1 0 1.0 0.0 0.0 1 1 0 0
(I)	1.000	0.000	0.000	0.000	1.000	0.000	1.000	0.000	0.000	1.000	1.000	0.000	0.000	
(0)	0.989	0.021	0.017	0.012	0.986	0.013	0.334	0.248	0.016	0.877	0.732	0.276	0.013	
command received: testing 1 0 0 0 1 0 0.0 0.0 0.0 1 1 0 0
(I)	1.000	0.000	0.000	0.000	1.000	0.000	0.000	0.000	0.000	1.000	1.000	0.000	0.000	
(0)	0.990	0.015	0.015	0.014	0.986	0.011	0.342	0.425	0.012	0.859	0.656	0.266	0.010	
command received: testing 1 0 0 0 1 0 1.0 0.0 0.0 1 1 0 0
(I)	1.000	0.000	0.000	0.000	1.000	0.000	1.000	0.000	0.000	1.000	1.000	0.000	0.000	
(0)	0.993	0.022	0.015	0.016	0.986	0.011	0.278	0.338	0.010	0.887	0.753	0.211	0.009	
command received: testing 1 0 0 0 1 0 1.0 0.0 0.0 1 1 0 0
(I)	1.000	0.000	0.000	0.000	1.000	0.000	1.000	0.000	0.000	1.000	1.000	0.000	0.000	
(0)	0.991	0.019	0.016	0.015	0.986	0.010	0.289	0.360	0.010	0.890	0.743	0.224	0.009	
command received: testing 1 0 0 0 1 0 0.0 0.0 0.0 1 1 0 0
(I)	1.000	0.000	0.000	0.000	1.000	0.000	0.000	0.000	0.000	1.000	1.000	0.000	0.000	
(0)	0.991	0.014	0.013	0.014	0.986	0.011	0.305	0.448	0.009	0.871	0.694	0.249	0.009	
command received: testing 1 0 0 0 1 0 0.0 0.0 0.0 1 1 0 0
(I)	1.000	0.000	0.000	0.000	1.000	0.000	0.000	0.000	0.000	1.000	1.000	0.000	0.000	
(0)	0.992	0.015	0.012	0.015	0.986	0.012	0.294	0.435	0.009	0.872	0.689	0.247	0.009	
command received: testing 1 0 0 0 1 0 1.0 0.0 0.0 1 1 0 0
(I)	1.000	0.000	0.000	0.000	1.000	0.000	1.000	0.000	0.000	1.000	1.000	0.000	0.000	
(0)	0.992	0.021	0.015	0.016	0.985	0.012	0.273	0.347	0.010	0.888	0.751	0.227	0.009	
command received: testing 1 0 0 0 1 0 0.0 0.0 0.0 1 1 0 0
(I)	1.000	0.000	0.000	0.000	1.000	0.000	0.000	0.000	0.000	1.000	1.000	0.000	0.000	
(0)	0.991	0.014	0.013	0.014	0.986	0.012	0.310	0.461	0.009	0.871	0.692	0.254	0.009	
command received: testing 1 0 0 0 1 0 0.0 0.0 0.0 1 1 0 0
(I)	1.000	0.000	0.000	0.000	1.000	0.000	0.000	0.000	0.000	1.000	1.000	0.000	0.000	
(0)	0.993	0.016	0.012	0.015	0.985	0.013	0.291	0.437	0.009	0.869	0.697	0.249	0.009	
command received: testing 1 0 0 0 1 0 0.0 1.0 0.0 1 1 0 0
(I)	1.000	0.000	0.000	0.000	1.000	0.000	0.000	1.000	0.000	1.000	1.000	0.000	0.000	
(0)	0.991	0.011	0.010	0.013	0.989	0.012	0.200	0.474	0.008	0.872	0.514	0.415	0.008	
command received: testing 1 0 0 0 1 0 0.0 1.0 0.0 1 1 0 0
(I)	1.000	0.000	0.000	0.000	1.000	0.000	0.000	1.000	0.000	1.000	1.000	0.000	0.000	
(0)	0.990	0.011	0.010	0.011	0.989	0.014	0.178	0.498	0.008	0.853	0.507	0.465	0.008	
command received: testing 1 0 0 0 1 0 0.0 1.0 0.0 1 1 0 0
(I)	1.000	0.000	0.000	0.000	1.000	0.000	0.000	1.000	0.000	1.000	1.000	0.000	0.000	
(0)	0.990	0.011	0.011	0.010	0.988	0.014	0.173	0.515	0.009	0.852	0.513	0.468	0.009	
command received: testing 1 0 0 0 1 0 0.0 0.0 0.0 1 1 0 0
(I)	1.000	0.000	0.000	0.000	1.000	0.000	0.000	0.000	0.000	1.000	1.000	0.000	0.000	
(0)	0.992	0.016	0.013	0.012	0.982	0.014	0.265	0.483	0.010	0.847	0.673	0.309	0.010	
command received: testing 1 0 0 0 1 0 0.0 1.0 0.0 1 1 0 0
(I)	1.000	0.000	0.000	0.000	1.000	0.000	0.000	1.000	0.000	1.000	1.000	0.000	0.000	
(0)	0.992	0.012	0.010	0.012	0.988	0.013	0.188	0.501	0.009	0.864	0.525	0.431	0.008	
command received: testing 1 0 0 0 1 0 0.0 1.0 0.0 1 1 0 0
(I)	1.000	0.000	0.000	0.000	1.000	0.000	0.000	1.000	0.000	1.000	1.000	0.000	0.000	
(0)	0.991	0.011	0.010	0.011	0.988	0.014	0.178	0.505	0.009	0.848	0.510	0.477	0.008	
command received: testing 1 0 0 0 1 0 0.0 1.0 0.0 0 0 1 0
(I)	1.000	0.000	0.000	0.000	1.000	0.000	0.000	1.000	0.000	0.000	0.000	1.000	0.000	
(0)	0.988	0.009	0.010	0.015	0.989	0.016	0.388	0.360	0.010	0.697	0.154	0.831	0.012	
command received: testing 1 0 0 0 1 0 0.0 1.0 0.0 0 0 1 0
(I)	1.000	0.000	0.000	0.000	1.000	0.000	0.000	1.000	0.000	0.000	0.000	1.000	0.000	
(0)	0.985	0.008	0.010	0.013	0.989	0.018	0.436	0.304	0.011	0.702	0.149	0.864	0.015	
command received: testing 1 0 0 0 1 0 0.0 0.0 0.0 0 0 1 0
(I)	1.000	0.000	0.000	0.000	1.000	0.000	0.000	0.000	0.000	0.000	0.000	1.000	0.000	
(0)	0.985	0.013	0.014	0.015	0.983	0.018	0.594	0.244	0.016	0.667	0.246	0.778	0.018	
command received: testing 1 0 0 0 1 0 0.0 1.0 0.0 0 0 1 0
(I)	1.000	0.000	0.000	0.000	1.000	0.000	0.000	1.000	0.000	0.000	0.000	1.000	0.000	
(0)	0.984	0.010	0.010	0.014	0.988	0.016	0.491	0.264	0.016	0.703	0.150	0.847	0.016	
command received: testing 1 0 0 0 1 0 0.0 1.0 0.0 0 0 1 0
(I)	1.000	0.000	0.000	0.000	1.000	0.000	0.000	1.000	0.000	0.000	0.000	1.000	0.000	
(0)	0.983	0.009	0.010	0.013	0.989	0.016	0.478	0.269	0.013	0.684	0.141	0.861	0.015	
command received: testing 1 0 0 0 1 0 0.0 1.0 0.0 0 0 1 0
(I)	1.000	0.000	0.000	0.000	1.000	0.000	0.000	1.000	0.000	0.000	0.000	1.000	0.000	
(0)	0.982	0.009	0.011	0.013	0.989	0.016	0.463	0.281	0.013	0.687	0.143	0.863	0.016	
command received: testing 1 0 0 0 1 0 0.0 1.0 0.0 1 0 1 0
(I)	1.000	0.000	0.000	0.000	1.000	0.000	0.000	1.000	0.000	1.000	0.000	1.000	0.000	
(0)	0.983	0.009	0.012	0.012	0.988	0.014	0.392	0.248	0.012	0.780	0.187	0.842	0.017	
command received: testing 1 0 0 0 1 0 0.0 1.0 0.0 1 0 1 0
(I)	1.000	0.000	0.000	0.000	1.000	0.000	0.000	1.000	0.000	1.000	0.000	1.000	0.000	
(0)	0.984	0.009	0.012	0.012	0.989	0.014	0.419	0.267	0.012	0.772	0.181	0.851	0.015	
command received: testing 1 0 0 0 1 0 0.0 1.0 0.0 1 0 1 0
(I)	1.000	0.000	0.000	0.000	1.000	0.000	0.000	1.000	0.000	1.000	0.000	1.000	0.000	
(0)	0.984	0.008	0.011	0.012	0.989	0.013	0.419	0.275	0.010	0.773	0.172	0.858	0.015	
command received: testing 1 0 0 0 1 0 0.0 1.0 0.0 1 0 1 0
(I)	1.000	0.000	0.000	0.000	1.000	0.000	0.000	1.000	0.000	1.000	0.000	1.000	0.000	
(0)	0.984	0.008	0.011	0.012	0.989	0.013	0.413	0.280	0.011	0.773	0.171	0.860	0.015	
command received: testing 1 0 0 0 1 0 0.0 1.0 0.0 1 0 1 0
(I)	1.000	0.000	0.000	0.000	1.000	0.000	0.000	1.000	0.000	1.000	0.000	1.000	0.000	
(0)	0.984	0.009	0.011	0.012	0.988	0.013	0.413	0.281	0.011	0.770	0.171	0.863	0.015	
command received: testing 1 0 0 0 1 0 0.0 0.0 0.0 1 0 1 0
(I)	1.000	0.000	0.000	0.000	1.000	0.000	0.000	0.000	0.000	1.000	0.000	1.000	0.000	
(0)	0.986	0.011	0.013	0.013	0.983	0.013	0.553	0.250	0.012	0.762	0.286	0.766	0.017	
command received: testing 1 0 0 0 1 0 0.0 0.0 0.0 1 0 1 0
(I)	1.000	0.000	0.000	0.000	1.000	0.000	0.000	0.000	0.000	1.000	0.000	1.000	0.000	
(0)	0.988	0.012	0.012	0.015	0.984	0.013	0.582	0.238	0.013	0.781	0.293	0.733	0.016	
command received: testing 1 0 0 0 1 0 0.0 0.0 0.0 1 0 1 0
(I)	1.000	0.000	0.000	0.000	1.000	0.000	0.000	0.000	0.000	1.000	0.000	1.000	0.000	
(0)	0.988	0.011	0.012	0.015	0.985	0.013	0.593	0.226	0.012	0.782	0.293	0.723	0.016	
command received: testing 1 0 0 0 1 0 1.0 0.0 0.0 1 0 1 0
(I)	1.000	0.000	0.000	0.000	1.000	0.000	1.000	0.000	0.000	1.000	0.000	1.000	0.000	
(0)	0.987	0.016	0.016	0.016	0.986	0.012	0.567	0.161	0.014	0.807	0.384	0.680	0.016	
command received: testing 1 0 0 0 1 0 1.0 0.0 0.0 1 0 1 0
(I)	1.000	0.000	0.000	0.000	1.000	0.000	1.000	0.000	0.000	1.000	0.000	1.000	0.000	
(0)	0.986	0.015	0.016	0.015	0.987	0.011	0.577	0.166	0.013	0.807	0.387	0.677	0.017	
command received: testing 1 0 0 0 1 0 1.0 0.0 0.0 1 0 1 0
(I)	1.000	0.000	0.000	0.000	1.000	0.000	1.000	0.000	0.000	1.000	0.000	1.000	0.000	
(0)	0.986	0.016	0.016	0.015	0.987	0.011	0.570	0.162	0.013	0.810	0.400	0.662	0.016	
command received: testing 1 0 0 0 1 0 1.0 0.0 0.0 0 0 1 0
(I)	1.000	0.000	0.000	0.000	1.000	0.000	1.000	0.000	0.000	0.000	0.000	1.000	0.000	
(0)	0.986	0.015	0.014	0.016	0.988	0.012	0.638	0.183	0.014	0.726	0.296	0.705	0.016	
command received: testing 1 0 0 0 1 0 1.0 0.0 0.0 0 0 1 0
(I)	1.000	0.000	0.000	0.000	1.000	0.000	1.000	0.000	0.000	0.000	0.000	1.000	0.000	
(0)	0.985	0.016	0.015	0.016	0.987	0.013	0.620	0.172	0.015	0.737	0.310	0.694	0.017	
command received: testing 1 0 0 0 1 0 1.0 0.0 0.0 0 0 1 0
(I)	1.000	0.000	0.000	0.000	1.000	0.000	1.000	0.000	0.000	0.000	0.000	1.000	0.000	
(0)	0.985	0.017	0.016	0.016	0.987	0.013	0.620	0.168	0.017	0.734	0.320	0.686	0.018	
command received: testing 1 0 0 0 1 0 1.0 0.0 0.0 0 0 1 0
(I)	1.000	0.000	0.000	0.000	1.000	0.000	1.000	0.000	0.000	0.000	0.000	1.000	0.000	
(0)	0.985	0.016	0.016	0.016	0.987	0.014	0.623	0.166	0.016	0.736	0.322	0.685	0.018	
command received: testing 1 0 0 0 1 0 1.0 0.0 0.0 0 0 1 0
(I)	1.000	0.000	0.000	0.000	1.000	0.000	1.000	0.000	0.000	0.000	0.000	1.000	0.000	
(0)	0.985	0.016	0.016	0.016	0.987	0.014	0.623	0.165	0.016	0.738	0.321	0.682	0.018	
command received: testing 1 0 0 0 1 0 1.0 0.0 0.0 0 0 1 0
(I)	1.000	0.000	0.000	0.000	1.000	0.000	1.000	0.000	0.000	0.000	0.000	1.000	0.000	
(0)	0.985	0.016	0.016	0.016	0.987	0.013	0.624	0.164	0.016	0.738	0.321	0.683	0.018	
command received: testing 1 0 0 0 1 0 1.0 0.0 0.0 1 1 0 0
(I)	1.000	0.000	0.000	0.000	1.000	0.000	1.000	0.000	0.000	1.000	1.000	0.000	0.000	
(0)	0.987	0.020	0.018	0.011	0.987	0.012	0.356	0.261	0.015	0.880	0.724	0.272	0.013	
command received: testing 1 0 0 0 1 0 0.0 0.0 0.0 1 1 0 0
(I)	1.000	0.000	0.000	0.000	1.000	0.000	0.000	0.000	0.000	1.000	1.000	0.000	0.000	
(0)	0.991	0.015	0.014	0.014	0.987	0.011	0.338	0.414	0.012	0.859	0.664	0.257	0.010	
command received: testing 1 0 0 0 1 0 1.0 0.0 0.0 1 1 0 0
(I)	1.000	0.000	0.000	0.000	1.000	0.000	1.000	0.000	0.000	1.000	1.000	0.000	0.000	
(0)	0.992	0.021	0.015	0.016	0.986	0.011	0.284	0.338	0.010	0.889	0.746	0.211	0.009	
command received: testing 1 0 0 0 1 0 1.0 0.0 0.0 1 1 0 0
(I)	1.000	0.000	0.000	0.000	1.000	0.000	1.000	0.000	0.000	1.000	1.000	0.000	0.000	
(0)	0.991	0.019	0.016	0.015	0.986	0.010	0.288	0.359	0.010	0.890	0.740	0.225	0.009	
command received: testing 1 0 0 0 1 0 1.0 0.0 0.0 1 1 0 0
(I)	1.000	0.000	0.000	0.000	1.000	0.000	1.000	0.000	0.000	1.000	1.000	0.000	0.000	
(0)	0.991	0.021	0.017	0.015	0.986	0.011	0.278	0.351	0.011	0.887	0.763	0.220	0.009	
command received: testing 1 0 0 0 1 0 0.0 0.0 0.0 1 1 0 0
(I)	1.000	0.000	0.000	0.000	1.000	0.000	0.000	0.000	0.000	1.000	1.000	0.000	0.000	
(0)	0.991	0.014	0.013	0.014	0.986	0.011	0.310	0.448	0.009	0.874	0.691	0.245	0.009	
command received: testing 1 0 0 0 1 0 0.0 0.0 0.0 1 1 0 0
(I)	1.000	0.000	0.000	0.000	1.000	0.000	0.000	0.000	0.000	1.000	1.000	0.000	0.000	
(0)	0.992	0.015	0.012	0.015	0.986	0.012	0.294	0.431	0.009	0.872	0.686	0.248	0.009	
command received: testing 1 0 0 0 1 0 1.0 0.0 0.0 1 1 0 0
(I)	1.000	0.000	0.000	0.000	1.000	0.000	1.000	0.000	0.000	1.000	1.000	0.000	0.000	
(0)	0.992	0.021	0.015	0.016	0.985	0.012	0.275	0.348	0.010	0.887	0.751	0.227	0.009	
command received: testing 1 0 0 0 1 0 0.0 0.0 0.0 1 1 0 0
(I)	1.000	0.000	0.000	0.000	1.000	0.000	0.000	0.000	0.000	1.000	1.000	0.000	0.000	
(0)	0.991	0.014	0.013	0.014	0.985	0.012	0.310	0.461	0.009	0.871	0.692	0.255	0.009	
command received: testing 1 0 0 0 1 0 0.0 0.0 0.0 1 1 0 0
(I)	1.000	0.000	0.000	0.000	1.000	0.000	0.000	0.000	0.000	1.000	1.000	0.000	0.000	
(0)	0.993	0.016	0.012	0.015	0.985	0.013	0.291	0.437	0.009	0.869	0.697	0.249	0.009	
command received: testing 1 0 0 0 1 0 0.0 1.0 0.0 1 1 0 0
(I)	1.000	0.000	0.000	0.000	1.000	0.000	0.000	1.000	0.000	1.000	1.000	0.000	0.000	
(0)	0.991	0.011	0.010	0.013	0.989	0.012	0.200	0.474	0.008	0.872	0.514	0.415	0.008	
command received: testing 1 0 0 0 1 0 0.0 1.0 0.0 1 1 0 0
(I)	1.000	0.000	0.000	0.000	1.000	0.000	0.000	1.000	0.000	1.000	1.000	0.000	0.000	
(0)	0.990	0.011	0.010	0.011	0.989	0.014	0.178	0.498	0.008	0.853	0.507	0.465	0.008	
command received: testing 1 0 0 0 1 0 0.0 1.0 0.0 1 1 0 0
(I)	1.000	0.000	0.000	0.000	1.000	0.000	0.000	1.000	0.000	1.000	1.000	0.000	0.000	
(0)	0.990	0.011	0.011	0.010	0.988	0.014	0.173	0.515	0.009	0.852	0.513	0.468	0.009	
command received: testing 1 0 0 0 1 0 0.0 1.0 0.0 1 1 0 0
(I)	1.000	0.000	0.000	0.000	1.000	0.000	0.000	1.000	0.000	1.000	1.000	0.000	0.000	
(0)	0.990	0.012	0.011	0.011	0.987	0.014	0.173	0.516	0.009	0.849	0.510	0.477	0.008	
command received: testing 1 0 0 0 1 0 0.0 1.0 0.0 0 0 1 0
(I)	1.000	0.000	0.000	0.000	1.000	0.000	0.000	1.000	0.000	0.000	0.000	1.000	0.000	
(0)	0.988	0.009	0.010	0.015	0.988	0.016	0.388	0.363	0.010	0.691	0.153	0.833	0.012	
command received: testing 1 0 0 0 1 0 0.0 1.0 0.0 0 0 1 0
(I)	1.000	0.000	0.000	0.000	1.000	0.000	0.000	1.000	0.000	0.000	0.000	1.000	0.000	
(0)	0.985	0.009	0.010	0.013	0.989	0.018	0.434	0.309	0.011	0.700	0.149	0.864	0.014	
command received: testing 1 0 0 0 1 0 0.0 1.0 0.0 0 0 1 0
(I)	1.000	0.000	0.000	0.000	1.000	0.000	0.000	1.000	0.000	0.000	0.000	1.000	0.000	
(0)	0.983	0.010	0.011	0.013	0.988	0.018	0.455	0.280	0.015	0.680	0.146	0.870	0.016	
command received: testing 1 0 0 0 1 0 0.0 0.0 0.0 0 0 1 0
(I)	1.000	0.000	0.000	0.000	1.000	0.000	0.000	0.000	0.000	0.000	0.000	1.000	0.000	
(0)	0.985	0.013	0.013	0.015	0.983	0.018	0.603	0.245	0.016	0.669	0.248	0.775	0.018	
command received: testing 1 0 0 0 1 0 0.0 1.0 0.0 0 0 1 0
(I)	1.000	0.000	0.000	0.000	1.000	0.000	0.000	1.000	0.000	0.000	0.000	1.000	0.000	
(0)	0.984	0.010	0.010	0.014	0.989	0.016	0.494	0.266	0.015	0.704	0.146	0.846	0.015	
command received: testing 1 0 0 0 1 0 0.0 1.0 0.0 0 0 1 0
(I)	1.000	0.000	0.000	0.000	1.000	0.000	0.000	1.000	0.000	0.000	0.000	1.000	0.000	
(0)	0.983	0.009	0.010	0.013	0.989	0.016	0.479	0.266	0.013	0.682	0.141	0.862	0.015	
command received: testing 1 0 0 0 1 0 0.0 1.0 0.0 1 0 1 0
(I)	1.000	0.000	0.000	0.000	1.000	0.000	0.000	1.000	0.000	1.000	0.000	1.000	0.000	
(0)	0.982	0.009	0.012	0.011	0.988	0.014	0.389	0.251	0.012	0.782	0.187	0.839	0.017	
command received: testing 1 0 0 0 1 0 0.0 1.0 0.0 1 0 1 0
(I)	1.000	0.000	0.000	0.000	1.000	0.000	0.000	1.000	0.000	1.000	0.000	1.000	0.000	
(0)	0.984	0.009	0.012	0.012	0.989	0.014	0.422	0.262	0.012	0.773	0.181	0.850	0.015	
command received: testing 1 0 0 0 1 0 0.0 1.0 0.0 1 0 1 0
(I)	1.000	0.000	0.000	0.000	1.000	0.000	0.000	1.000	0.000	1.000	0.000	1.000	0.000	
(0)	0.984	0.008	0.011	0.012	0.989	0.013	0.417	0.275	0.011	0.774	0.171	0.858	0.015	
command received: testing 1 0 0 0 1 0 0.0 1.0 0.0 1 0 1 0
(I)	1.000	0.000	0.000	0.000	1.000	0.000	0.000	1.000	0.000	1.000	0.000	1.000	0.000	
(0)	0.984	0.008	0.011	0.012	0.989	0.013	0.413	0.280	0.011	0.773	0.171	0.860	0.015	
command received: testing 1 0 0 0 1 0 0.0 0.0 0.0 1 0 1 0
(I)	1.000	0.000	0.000	0.000	1.000	0.000	0.000	0.000	0.000	1.000	0.000	1.000	0.000	
(0)	0.986	0.011	0.013	0.014	0.984	0.013	0.555	0.247	0.012	0.762	0.286	0.767	0.017	
command received: testing 1 0 0 0 1 0 0.0 1.0 0.0 1 0 1 0
(I)	1.000	0.000	0.000	0.000	1.000	0.000	0.000	1.000	0.000	1.000	0.000	1.000	0.000	
(0)	0.985	0.009	0.010	0.013	0.989	0.013	0.440	0.267	0.012	0.790	0.172	0.841	0.015	
command received: testing 1 0 0 0 1 0 0.0 0.0 0.0 1 0 1 0
(I)	1.000	0.000	0.000	0.000	1.000	0.000	0.000	0.000	0.000	1.000	0.000	1.000	0.000	
(0)	0.986	0.011	0.013	0.014	0.984	0.013	0.564	0.238	0.012	0.763	0.286	0.754	0.016	
command received: testing 1 0 0 0 1 0 0.0 1.0 0.0 1 0 1 0
(I)	1.000	0.000	0.000	0.000	1.000	0.000	0.000	1.000	0.000	1.000	0.000	1.000	0.000	
(0)	0.985	0.009	0.010	0.013	0.989	0.013	0.439	0.268	0.011	0.794	0.172	0.837	0.015	
command received: testing 1 0 0 0 1 0 0.0 0.0 0.0 1 0 1 0
(I)	1.000	0.000	0.000	0.000	1.000	0.000	0.000	0.000	0.000	1.000	0.000	1.000	0.000	
(0)	0.986	0.011	0.013	0.014	0.984	0.013	0.565	0.235	0.012	0.765	0.284	0.754	0.016	
command received: testing 1 0 0 0 1 0 0.0 0.0 0.0 0 1 1 0
(I)	1.000	0.000	0.000	0.000	1.000	0.000	0.000	0.000	0.000	0.000	1.000	1.000	0.000	
(0)	0.986	0.013	0.012	0.016	0.986	0.012	0.578	0.316	0.013	0.752	0.337	0.665	0.014	
command received: testing 1 0 0 0 1 0 0.0 0.0 0.0 0 1 1 0
(I)	1.000	0.000	0.000	0.000	1.000	0.000	0.000	0.000	0.000	0.000	1.000	1.000	0.000	
(0)	0.987	0.013	0.013	0.019	0.986	0.011	0.534	0.298	0.013	0.778	0.378	0.620	0.013	
command received: testing 1 0 0 0 1 0 1.0 0.0 0.0 1 0 1 0
(I)	1.000	0.000	0.000	0.000	1.000	0.000	1.000	0.000	0.000	1.000	0.000	1.000	0.000	
(0)	0.989	0.018	0.019	0.018	0.986	0.011	0.497	0.167	0.014	0.830	0.427	0.619	0.015	
command received: testing 1 0 0 0 1 0 1.0 0.0 0.0 1 0 1 0
(I)	1.000	0.000	0.000	0.000	1.000	0.000	1.000	0.000	0.000	1.000	0.000	1.000	0.000	
(0)	0.987	0.015	0.017	0.016	0.988	0.011	0.559	0.166	0.012	0.812	0.405	0.647	0.017	
command received: testing 1 0 0 0 1 0 1.0 0.0 0.0 1 0 1 0
(I)	1.000	0.000	0.000	0.000	1.000	0.000	1.000	0.000	0.000	1.000	0.000	1.000	0.000	
(0)	0.986	0.015	0.016	0.015	0.987	0.012	0.572	0.155	0.012	0.813	0.408	0.654	0.017	
command received: testing 1 0 0 0 1 0 1.0 0.0 0.0 0 0 1 0
(I)	1.000	0.000	0.000	0.000	1.000	0.000	1.000	0.000	0.000	0.000	0.000	1.000	0.000	
(0)	0.986	0.015	0.014	0.016	0.988	0.012	0.637	0.177	0.014	0.730	0.299	0.702	0.016	
command received: testing 1 0 0 0 1 0 1.0 0.0 0.0 0 0 1 0
(I)	1.000	0.000	0.000	0.000	1.000	0.000	1.000	0.000	0.000	0.000	0.000	1.000	0.000	
(0)	0.985	0.016	0.015	0.016	0.987	0.013	0.621	0.171	0.015	0.738	0.311	0.693	0.017	
command received: testing 1 0 0 0 1 0 1.0 0.0 0.0 0 0 1 0
(I)	1.000	0.000	0.000	0.000	1.000	0.000	1.000	0.000	0.000	0.000	0.000	1.000	0.000	
(0)	0.985	0.016	0.016	0.016	0.987	0.013	0.620	0.168	0.016	0.735	0.319	0.685	0.018	
command received: testing 1 0 0 0 1 0 1.0 0.0 0.0 0 0 1 0
(I)	1.000	0.000	0.000	0.000	1.000	0.000	1.000	0.000	0.000	0.000	0.000	1.000	0.000	
(0)	0.985	0.016	0.016	0.016	0.987	0.014	0.623	0.166	0.016	0.736	0.322	0.685	0.018	
command received: testing 1 0 0 0 1 0 0.0 0.0 0.0 0 0 1 0
(I)	1.000	0.000	0.000	0.000	1.000	0.000	0.000	0.000	0.000	0.000	0.000	1.000	0.000	
(0)	0.985	0.011	0.012	0.015	0.987	0.015	0.647	0.231	0.014	0.709	0.245	0.716	0.016	
command received: testing 1 0 0 0 1 0 1.0 0.0 0.0 0 0 1 0
(I)	1.000	0.000	0.000	0.000	1.000	0.000	1.000	0.000	0.000	0.000	0.000	1.000	0.000	
(0)	0.987	0.017	0.015	0.017	0.987	0.014	0.608	0.156	0.016	0.740	0.322	0.682	0.017	
command received: testing 1 0 0 0 1 0 1.0 0.0 0.0 1 1 0 0
(I)	1.000	0.000	0.000	0.000	1.000	0.000	1.000	0.000	0.000	1.000	1.000	0.000	0.000	
(0)	0.987	0.019	0.018	0.012	0.987	0.012	0.361	0.266	0.015	0.879	0.714	0.284	0.013	
command received: testing 1 0 0 0 1 0 1.0 0.0 0.0 1 1 0 0
(I)	1.000	0.000	0.000	0.000	1.000	0.000	1.000	0.000	0.000	1.000	1.000	0.000	0.000	
(0)	0.990	0.022	0.019	0.014	0.987	0.010	0.307	0.320	0.014	0.875	0.746	0.228	0.011	
command received: testing 1 0 0 0 1 0 1.0 0.0 0.0 1 1 0 0
(I)	1.000	0.000	0.000	0.000	1.000	0.000	1.000	0.000	0.000	1.000	1.000	0.000	0.000	
(0)	0.991	0.020	0.016	0.015	0.987	0.010	0.299	0.349	0.010	0.890	0.750	0.211	0.009	
command received: testing 1 0 0 0 1 0 1.0 0.0 0.0 1 1 0 0
(I)	1.000	0.000	0.000	0.000	1.000	0.000	1.000	0.000	0.000	1.000	1.000	0.000	0.000	
(0)	0.991	0.019	0.016	0.015	0.987	0.010	0.285	0.349	0.010	0.890	0.746	0.218	0.009	
command received: testing 1 0 0 0 1 0 1.0 0.0 0.0 1 1 0 0
(I)	1.000	0.000	0.000	0.000	1.000	0.000	1.000	0.000	0.000	1.000	1.000	0.000	0.000	
(0)	0.991	0.020	0.017	0.015	0.986	0.010	0.284	0.348	0.010	0.888	0.756	0.220	0.009	
command received: testing 1 0 0 0 1 0 0.0 0.0 0.0 1 1 0 0
(I)	1.000	0.000	0.000	0.000	1.000	0.000	0.000	0.000	0.000	1.000	1.000	0.000	0.000	
(0)	0.991	0.014	0.013	0.014	0.986	0.011	0.311	0.446	0.009	0.874	0.689	0.246	0.009	
command received: testing 1 0 0 0 1 0 1.0 0.0 0.0 1 1 0 0
(I)	1.000	0.000	0.000	0.000	1.000	0.000	1.000	0.000	0.000	1.000	1.000	0.000	0.000	
(0)	0.992	0.022	0.016	0.016	0.986	0.012	0.271	0.337	0.011	0.887	0.758	0.219	0.009	
command received: testing 1 0 0 0 1 0 0.0 0.0 0.0 1 1 0 0
(I)	1.000	0.000	0.000	0.000	1.000	0.000	0.000	0.000	0.000	1.000	1.000	0.000	0.000	
(0)	0.991	0.014	0.013	0.014	0.986	0.011	0.315	0.457	0.009	0.873	0.683	0.254	0.009	
command received: testing 1 0 0 0 1 0 0.0 0.0 0.0 1 1 0 0
(I)	1.000	0.000	0.000	0.000	1.000	0.000	0.000	0.000	0.000	1.000	1.000	0.000	0.000	
(0)	0.992	0.015	0.012	0.015	0.985	0.013	0.291	0.436	0.009	0.869	0.694	0.249	0.009	
command received: testing 1 0 0 0 1 0 0.0 0.0 0.0 1 1 0 0
(I)	1.000	0.000	0.000	0.000	1.000	0.000	0.000	0.000	0.000	1.000	1.000	0.000	0.000	
(0)	0.992	0.015	0.012	0.015	0.985	0.012	0.299	0.446	0.009	0.870	0.681	0.257	0.009	
command received: testing 1 0 0 0 1 0 0.0 1.0 0.0 1 1 0 0
(I)	1.000	0.000	0.000	0.000	1.000	0.000	0.000	1.000	0.000	1.000	1.000	0.000	0.000	
(0)	0.991	0.011	0.010	0.013	0.989	0.013	0.196	0.477	0.008	0.869	0.520	0.417	0.008	
command received: testing 1 0 0 0 1 0 0.0 1.0 0.0 1 1 0 0
(I)	1.000	0.000	0.000	0.000	1.000	0.000	0.000	1.000	0.000	1.000	1.000	0.000	0.000	
(0)	0.990	0.011	0.010	0.011	0.988	0.014	0.178	0.499	0.008	0.852	0.511	0.465	0.008	
command received: testing 1 0 0 0 1 0 0.0 0.0 0.0 1 1 0 0
(I)	1.000	0.000	0.000	0.000	1.000	0.000	0.000	0.000	0.000	1.000	1.000	0.000	0.000	
(0)	0.991	0.015	0.013	0.012	0.983	0.014	0.263	0.482	0.009	0.851	0.674	0.301	0.010	
command received: testing 1 0 0 0 1 0 0.0 1.0 0.0 1 1 0 0
(I)	1.000	0.000	0.000	0.000	1.000	0.000	0.000	1.000	0.000	1.000	1.000	0.000	0.000	
(0)	0.991	0.012	0.010	0.012	0.988	0.013	0.189	0.496	0.009	0.865	0.523	0.427	0.008	
command received: testing 1 0 0 0 1 0 0.0 1.0 0.0 1 1 0 0
(I)	1.000	0.000	0.000	0.000	1.000	0.000	0.000	1.000	0.000	1.000	1.000	0.000	0.000	
(0)	0.991	0.011	0.010	0.011	0.988	0.014	0.178	0.506	0.009	0.848	0.510	0.476	0.008	
command received: testing 1 0 0 0 1 0 0.0 1.0 0.0 0 0 1 0
(I)	1.000	0.000	0.000	0.000	1.000	0.000	0.000	1.000	0.000	0.000	0.000	1.000	0.000	
(0)	0.988	0.009	0.010	0.015	0.989	0.016	0.388	0.360	0.010	0.698	0.154	0.829	0.012	
command received: testing 1 0 0 0 1 0 0.0 1.0 0.0 0 0 1 0
(I)	1.000	0.000	0.000	0.000	1.000	0.000	0.000	1.000	0.000	0.000	0.000	1.000	0.000	
(0)	0.985	0.008	0.010	0.013	0.989	0.018	0.436	0.304	0.011	0.702	0.148	0.864	0.015	
command received: testing 1 0 0 0 1 0 0.0 1.0 0.0 0 0 1 0
(I)	1.000	0.000	0.000	0.000	1.000	0.000	0.000	1.000	0.000	0.000	0.000	1.000	0.000	
(0)	0.983	0.010	0.011	0.013	0.988	0.018	0.453	0.281	0.015	0.681	0.146	0.869	0.016	
command received: testing 1 0 0 0 1 0 0.0 1.0 0.0 0 0 1 0
(I)	1.000	0.000	0.000	0.000	1.000	0.000	0.000	1.000	0.000	0.000	0.000	1.000	0.000	
(0)	0.983	0.010	0.011	0.013	0.988	0.017	0.463	0.281	0.015	0.682	0.147	0.866	0.016	
command received: testing 1 0 0 0 1 0 0.0 1.0 0.0 0 0 1 0
(I)	1.000	0.000	0.000	0.000	1.000	0.000	0.000	1.000	0.000	0.000	0.000	1.000	0.000	
(0)	0.983	0.009	0.011	0.013	0.988	0.017	0.465	0.283	0.014	0.683	0.143	0.866	0.016	
command received: testing 1 0 0 0 1 0 0.0 1.0 0.0 0 0 1 0
(I)	1.000	0.000	0.000	0.000	1.000	0.000	0.000	1.000	0.000	0.000	0.000	1.000	0.000	
(0)	0.983	0.009	0.011	0.013	0.988	0.017	0.466	0.280	0.014	0.682	0.143	0.867	0.016	
command received: testing 1 0 0 0 1 0 0.0 1.0 0.0 1 0 1 0
(I)	1.000	0.000	0.000	0.000	1.000	0.000	0.000	1.000	0.000	1.000	0.000	1.000	0.000	
(0)	0.983	0.009	0.012	0.012	0.988	0.014	0.391	0.251	0.012	0.778	0.188	0.843	0.017	
command received: testing 1 0 0 0 1 0 0.0 1.0 0.0 1 0 1 0
(I)	1.000	0.000	0.000	0.000	1.000	0.000	0.000	1.000	0.000	1.000	0.000	1.000	0.000	
(0)	0.984	0.009	0.012	0.012	0.989	0.014	0.421	0.266	0.012	0.771	0.182	0.852	0.016	
command received: testing 1 0 0 0 1 0 0.0 1.0 0.0 1 0 1 0
(I)	1.000	0.000	0.000	0.000	1.000	0.000	0.000	1.000	0.000	1.000	0.000	1.000	0.000	
(0)	0.984	0.008	0.011	0.012	0.989	0.013	0.419	0.274	0.011	0.773	0.172	0.859	0.015	
command received: testing 1 0 0 0 1 0 0.0 1.0 0.0 1 0 1 0
(I)	1.000	0.000	0.000	0.000	1.000	0.000	0.000	1.000	0.000	1.000	0.000	1.000	0.000	
(0)	0.984	0.008	0.011	0.012	0.989	0.013	0.413	0.279	0.011	0.773	0.171	0.860	0.015	
command received: testing 1 0 0 0 1 0 0.0 1.0 0.0 1 0 1 0
(I)	1.000	0.000	0.000	0.000	1.000	0.000	0.000	1.000	0.000	1.000	0.000	1.000	0.000	
(0)	0.984	0.009	0.011	0.012	0.988	0.013	0.413	0.281	0.011	0.770	0.171	0.863	0.015	
command received: testing 1 0 0 0 1 0 0.0 1.0 0.0 1 0 1 0
(I)	1.000	0.000	0.000	0.000	1.000	0.000	0.000	1.000	0.000	1.000	0.000	1.000	0.000	
(0)	0.984	0.009	0.011	0.012	0.988	0.013	0.411	0.284	0.011	0.771	0.171	0.862	0.015	
command received: testing 1 0 0 0 1 0 0.0 0.0 0.0 1 0 1 0
(I)	1.000	0.000	0.000	0.000	1.000	0.000	0.000	0.000	0.000	1.000	0.000	1.000	0.000	
(0)	0.986	0.011	0.013	0.013	0.983	0.014	0.554	0.249	0.012	0.761	0.287	0.766	0.017	
command received: testing 1 0 0 0 1 0 0.0 0.0 0.0 1 0 1 0
(I)	1.000	0.000	0.000	0.000	1.000	0.000	0.000	0.000	0.000	1.000	0.000	1.000	0.000	
(0)	0.988	0.012	0.012	0.015	0.984	0.013	0.582	0.238	0.013	0.781	0.293	0.734	0.016	
command received: testing 1 0 0 0 1 0 0.0 0.0 0.0 1 0 1 0
(I)	1.000	0.000	0.000	0.000	1.000	0.000	0.000	0.000	0.000	1.000	0.000	1.000	0.000	
(0)	0.988	0.011	0.012	0.015	0.985	0.013	0.593	0.226	0.012	0.782	0.293	0.723	0.016	
command received: testing 1 0 0 0 1 0 1.0 0.0 0.0 1 0 1 0
(I)	1.000	0.000	0.000	0.000	1.000	0.000	1.000	0.000	0.000	1.000	0.000	1.000	0.000	
(0)	0.987	0.016	0.016	0.016	0.986	0.012	0.567	0.161	0.014	0.807	0.384	0.681	0.016	
command received: testing 1 0 0 0 1 0 1.0 0.0 0.0 1 0 1 0
(I)	1.000	0.000	0.000	0.000	1.000	0.000	1.000	0.000	0.000	1.000	0.000	1.000	0.000	
(0)	0.986	0.015	0.016	0.015	0.987	0.011	0.577	0.166	0.013	0.807	0.387	0.677	0.017	
command received: testing 1 0 0 0 1 0 0.0 0.0 0.0 1 0 1 0
(I)	1.000	0.000	0.000	0.000	1.000	0.000	0.000	0.000	0.000	1.000	0.000	1.000	0.000	
(0)	0.986	0.011	0.013	0.014	0.986	0.012	0.597	0.228	0.011	0.791	0.307	0.699	0.016	
command received: testing 1 0 0 0 1 0 1.0 0.0 0.0 0 0 1 0
(I)	1.000	0.000	0.000	0.000	1.000	0.000	1.000	0.000	0.000	0.000	0.000	1.000	0.000	
(0)	0.987	0.016	0.014	0.017	0.988	0.013	0.625	0.175	0.014	0.729	0.299	0.703	0.015	
command received: testing 1 0 0 0 1 0 1.0 0.0 0.0 0 0 1 0
(I)	1.000	0.000	0.000	0.000	1.000	0.000	1.000	0.000	0.000	0.000	0.000	1.000	0.000	
(0)	0.984	0.015	0.015	0.016	0.987	0.013	0.626	0.177	0.015	0.737	0.299	0.707	0.018	
command received: testing 1 0 0 0 1 0 1.0 0.0 0.0 0 0 1 0
(I)	1.000	0.000	0.000	0.000	1.000	0.000	1.000	0.000	0.000	0.000	0.000	1.000	0.000	
(0)	0.985	0.017	0.016	0.016	0.987	0.014	0.614	0.168	0.017	0.730	0.329	0.687	0.018	
command received: testing 1 0 0 0 1 0 1.0 0.0 0.0 0 0 1 0
(I)	1.000	0.000	0.000	0.000	1.000	0.000	1.000	0.000	0.000	0.000	0.000	1.000	0.000	
(0)	0.985	0.017	0.016	0.016	0.987	0.014	0.625	0.166	0.016	0.736	0.325	0.684	0.018	
command received: testing 1 0 0 0 1 0 0.0 0.0 0.0 0 0 1 0
(I)	1.000	0.000	0.000	0.000	1.000	0.000	0.000	0.000	0.000	0.000	0.000	1.000	0.000	
(0)	0.985	0.011	0.012	0.015	0.987	0.015	0.647	0.230	0.014	0.710	0.245	0.717	0.016	
command received: testing 1 0 0 0 1 0 1.0 0.0 0.0 0 0 1 0
(I)	1.000	0.000	0.000	0.000	1.000	0.000	1.000	0.000	0.000	0.000	0.000	1.000	0.000	
(0)	0.987	0.017	0.015	0.017	0.987	0.014	0.609	0.156	0.016	0.740	0.322	0.681	0.017	
command received: testing 1 0 0 0 1 0 0.0 0.0 0.0 0 0 1 0
(I)	1.000	0.000	0.000	0.000	1.000	0.000	0.000	0.000	0.000	0.000	0.000	1.000	0.000	
(0)	0.984	0.011	0.013	0.016	0.986	0.014	0.652	0.235	0.014	0.709	0.237	0.727	0.017	
command received: testing 1 0 0 0 1 0 1.0 0.0 0.0 1 1 0 0
(I)	1.000	0.000	0.000	0.000	1.000	0.000	1.000	0.000	0.000	1.000	1.000	0.000	0.000	
(0)	0.989	0.022	0.017	0.012	0.986	0.013	0.333	0.248	0.016	0.877	0.733	0.276	0.013	
command received: testing 1 0 0 0 1 0 1.0 0.0 0.0 1 1 0 0
(I)	1.000	0.000	0.000	0.000	1.000	0.000	1.000	0.000	0.000	1.000	1.000	0.000	0.000	
(0)	0.990	0.021	0.019	0.015	0.986	0.010	0.315	0.328	0.013	0.878	0.731	0.235	0.011	
command received: testing 1 0 0 0 1 0 1.0 0.0 0.0 1 1 0 0
(I)	1.000	0.000	0.000	0.000	1.000	0.000	1.000	0.000	0.000	1.000	1.000	0.000	0.000	
(0)	0.991	0.020	0.017	0.015	0.986	0.010	0.292	0.349	0.010	0.888	0.756	0.212	0.009	
command received: testing 1 0 0 0 1 0 0.0 0.0 0.0 1 1 0 0
(I)	1.000	0.000	0.000	0.000	1.000	0.000	0.000	0.000	0.000	1.000	1.000	0.000	0.000	
(0)	0.991	0.013	0.013	0.014	0.986	0.011	0.313	0.448	0.009	0.874	0.679	0.245	0.009	
command received: testing 1 0 0 0 1 0 1.0 0.0 0.0 1 1 0 0
(I)	1.000	0.000	0.000	0.000	1.000	0.000	1.000	0.000	0.000	1.000	1.000	0.000	0.000	
(0)	0.992	0.022	0.015	0.016	0.986	0.011	0.269	0.336	0.011	0.887	0.754	0.223	0.009	
command received: testing 1 0 0 0 1 0 1.0 0.0 0.0 1 1 0 0
(I)	1.000	0.000	0.000	0.000	1.000	0.000	1.000	0.000	0.000	1.000	1.000	0.000	0.000	
(0)	0.991	0.020	0.017	0.015	0.986	0.011	0.286	0.359	0.010	0.889	0.753	0.225	0.009	
command received: testing 1 0 0 0 1 0 0.0 0.0 0.0 1 1 0 0
(I)	1.000	0.000	0.000	0.000	1.000	0.000	0.000	0.000	0.000	1.000	1.000	0.000	0.000	
(0)	0.991	0.014	0.013	0.014	0.986	0.012	0.307	0.449	0.009	0.872	0.698	0.245	0.009	
command received: testing 1 0 0 0 1 0 0.0 0.0 0.0 1 1 0 0
(I)	1.000	0.000	0.000	0.000	1.000	0.000	0.000	0.000	0.000	1.000	1.000	0.000	0.000	
(0)	0.992	0.015	0.012	0.015	0.986	0.012	0.296	0.434	0.009	0.872	0.689	0.247	0.009	
command received: testing 1 0 0 0 1 0 0.0 0.0 0.0 1 1 0 0
(I)	1.000	0.000	0.000	0.000	1.000	0.000	0.000	0.000	0.000	1.000	1.000	0.000	0.000	
(0)	0.992	0.015	0.012	0.015	0.985	0.012	0.299	0.444	0.009	0.871	0.678	0.258	0.009	
command received: testing 1 0 0 0 1 0 0.0 1.0 0.0 1 1 0 0
(I)	1.000	0.000	0.000	0.000	1.000	0.000	0.000	1.000	0.000	1.000	1.000	0.000	0.000	
(0)	0.991	0.011	0.010	0.013	0.989	0.013	0.197	0.477	0.008	0.868	0.521	0.416	0.008	
command received: testing 1 0 0 0 1 0 0.0 1.0 0.0 1 1 0 0
(I)	1.000	0.000	0.000	0.000	1.000	0.000	0.000	1.000	0.000	1.000	1.000	0.000	0.000	
(0)	0.990	0.011	0.010	0.011	0.988	0.014	0.178	0.500	0.008	0.852	0.511	0.466	0.008	
command received: testing 1 0 0 0 1 0 0.0 1.0 0.0 1 1 0 0
(I)	1.000	0.000	0.000	0.000	1.000	0.000	0.000	1.000	0.000	1.000	1.000	0.000	0.000	
(0)	0.990	0.011	0.011	0.011	0.988	0.014	0.172	0.515	0.009	0.853	0.513	0.468	0.009	
command received: testing 1 0 0 0 1 0 0.0 1.0 0.0 0 0 1 0
(I)	1.000	0.000	0.000	0.000	1.000	0.000	0.000	1.000	0.000	0.000	0.000	1.000	0.000	
(0)	0.988	0.009	0.010	0.015	0.988	0.016	0.390	0.359	0.010	0.693	0.152	0.831	0.012	
command received: testing 1 0 0 0 1 0 0.0 1.0 0.0 0 0 1 0
(I)	1.000	0.000	0.000	0.000	1.000	0.000	0.000	1.000	0.000	0.000	0.000	1.000	0.000	
(0)	0.985	0.009	0.010	0.013	0.989	0.018	0.433	0.310	0.011	0.701	0.149	0.863	0.014	
command received: testing 1 0 0 0 1 0 0.0 1.0 0.0 0 0 1 0
(I)	1.000	0.000	0.000	0.000	1.000	0.000	0.000	1.000	0.000	0.000	0.000	1.000	0.000	
(0)	0.983	0.010	0.011	0.013	0.988	0.018	0.455	0.281	0.015	0.680	0.146	0.869	0.016	
command received: testing 1 0 0 0 1 0 0.0 1.0 0.0 0 0 1 0
(I)	1.000	0.000	0.000	0.000	1.000	0.000	0.000	1.000	0.000	0.000	0.000	1.000	0.000	
(0)	0.983	0.010	0.011	0.013	0.988	0.017	0.463	0.281	0.015	0.682	0.147	0.867	0.016	
command received: testing 1 0 0 0 1 0 0.0 1.0 0.0 0 0 1 0
(I)	1.000	0.000	0.000	0.000	1.000	0.000	0.000	1.000	0.000	0.000	0.000	1.000	0.000	
(0)	0.983	0.009	0.011	0.013	0.988	0.017	0.465	0.283	0.014	0.683	0.144	0.866	0.016	
command received: testing 1 0 0 0 1 0 0.0 1.0 0.0 0 0 1 0
(I)	1.000	0.000	0.000	0.000	1.000	0.000	0.000	1.000	0.000	0.000	0.000	1.000	0.000	
(0)	0.983	0.009	0.011	0.013	0.988	0.017	0.466	0.281	0.014	0.681	0.143	0.867	0.016	
command received: testing 1 0 0 0 1 0 0.0 1.0 0.0 1 0 1 0
(I)	1.000	0.000	0.000	0.000	1.000	0.000	0.000	1.000	0.000	1.000	0.000	1.000	0.000	
(0)	0.983	0.009	0.012	0.012	0.988	0.014	0.391	0.251	0.012	0.778	0.188	0.843	0.017	
command received: testing 1 0 0 0 1 0 0.0 1.0 0.0 1 0 1 0
(I)	1.000	0.000	0.000	0.000	1.000	0.000	0.000	1.000	0.000	1.000	0.000	1.000	0.000	
(0)	0.984	0.009	0.012	0.012	0.989	0.014	0.421	0.266	0.012	0.771	0.182	0.852	0.016	
command received: testing 1 0 0 0 1 0 0.0 0.0 0.0 1 0 1 0
(I)	1.000	0.000	0.000	0.000	1.000	0.000	0.000	0.000	0.000	1.000	0.000	1.000	0.000	
(0)	0.986	0.011	0.013	0.014	0.984	0.013	0.560	0.241	0.012	0.765	0.288	0.761	0.017	
command received: testing 1 0 0 0 1 0 0.0 1.0 0.0 1 0 1 0
(I)	1.000	0.000	0.000	0.000	1.000	0.000	0.000	1.000	0.000	1.000	0.000	1.000	0.000	
(0)	0.985	0.009	0.010	0.013	0.989	0.013	0.443	0.263	0.011	0.792	0.173	0.839	0.015	
command received: testing 1 0 0 0 1 0 0.0 1.0 0.0 1 0 1 0
(I)	1.000	0.000	0.000	0.000	1.000	0.000	0.000	1.000	0.000	1.000	0.000	1.000	0.000	
(0)	0.984	0.008	0.011	0.012	0.989	0.013	0.426	0.267	0.011	0.771	0.170	0.855	0.015	
command received: testing 1 0 0 0 1 0 0.0 0.0 0.0 1 0 1 0
(I)	1.000	0.000	0.000	0.000	1.000	0.000	0.000	0.000	0.000	1.000	0.000	1.000	0.000	
(0)	0.986	0.011	0.013	0.013	0.984	0.013	0.549	0.252	0.011	0.767	0.286	0.760	0.016	
command received: testing 1 0 0 0 1 0 0.0 0.0 0.0 1 0 1 0
(I)	1.000	0.000	0.000	0.000	1.000	0.000	0.000	0.000	0.000	1.000	0.000	1.000	0.000	
(0)	0.988	0.011	0.012	0.015	0.984	0.013	0.582	0.234	0.013	0.783	0.292	0.732	0.016	
command received: testing 1 0 0 0 1 0 0.0 0.0 0.0 1 0 1 0
(I)	1.000	0.000	0.000	0.000	1.000	0.000	0.000	0.000	0.000	1.000	0.000	1.000	0.000	
(0)	0.988	0.011	0.012	0.015	0.985	0.013	0.591	0.227	0.012	0.783	0.292	0.722	0.016	
command received: testing 1 0 0 0 1 0 1.0 0.0 0.0 1 0 1 0
(I)	1.000	0.000	0.000	0.000	1.000	0.000	1.000	0.000	0.000	1.000	0.000	1.000	0.000	
(0)	0.987	0.016	0.016	0.016	0.986	0.012	0.567	0.161	0.013	0.807	0.384	0.679	0.016	
command received: testing 1 0 0 0 1 0 1.0 0.0 0.0 1 0 1 0
(I)	1.000	0.000	0.000	0.000	1.000	0.000	1.000	0.000	0.000	1.000	0.000	1.000	0.000	
(0)	0.986	0.015	0.016	0.015	0.987	0.011	0.577	0.166	0.013	0.807	0.386	0.677	0.017	
command received: testing 1 0 0 0 1 0 1.0 0.0 0.0 1 0 1 0
(I)	1.000	0.000	0.000	0.000	1.000	0.000	1.000	0.000	0.000	1.000	0.000	1.000	0.000	
(0)	0.986	0.016	0.016	0.015	0.987	0.011	0.570	0.162	0.013	0.810	0.400	0.661	0.016	
command received: testing 1 0 0 0 1 0 1.0 0.0 0.0 0 0 1 0
(I)	1.000	0.000	0.000	0.000	1.000	0.000	1.000	0.000	0.000	0.000	0.000	1.000	0.000	
(0)	0.986	0.015	0.014	0.016	0.988	0.012	0.638	0.183	0.014	0.726	0.296	0.705	0.016	
command received: testing 1 0 0 0 1 0 1.0 0.0 0.0 0 0 1 0
(I)	1.000	0.000	0.000	0.000	1.000	0.000	1.000	0.000	0.000	0.000	0.000	1.000	0.000	
(0)	0.985	0.016	0.015	0.016	0.987	0.013	0.620	0.172	0.015	0.737	0.310	0.694	0.017	
command received: testing 1 0 0 0 1 0 1.0 0.0 0.0 0 0 1 0
(I)	1.000	0.000	0.000	0.000	1.000	0.000	1.000	0.000	0.000	0.000	0.000	1.000	0.000	
(0)	0.985	0.017	0.016	0.016	0.987	0.013	0.620	0.168	0.017	0.734	0.320	0.686	0.018	
command received: testing 1 0 0 0 1 0 1.0 0.0 0.0 0 0 1 0
(I)	1.000	0.000	0.000	0.000	1.000	0.000	1.000	0.000	0.000	0.000	0.000	1.000	0.000	
(0)	0.985	0.016	0.016	0.016	0.987	0.014	0.623	0.166	0.016	0.736	0.322	0.685	0.018	
command received: testing 1 0 0 0 1 0 1.0 0.0 0.0 0 0 1 0
(I)	1.000	0.000	0.000	0.000	1.000	0.000	1.000	0.000	0.000	0.000	0.000	1.000	0.000	
(0)	0.985	0.016	0.016	0.016	0.987	0.014	0.623	0.165	0.016	0.738	0.321	0.682	0.018	
command received: testing 1 0 0 0 1 0 1.0 0.0 0.0 0 0 1 0
(I)	1.000	0.000	0.000	0.000	1.000	0.000	1.000	0.000	0.000	0.000	0.000	1.000	0.000	
(0)	0.985	0.016	0.016	0.016	0.987	0.013	0.624	0.164	0.016	0.738	0.321	0.683	0.018	
command received: testing 1 0 0 0 1 0 1.0 0.0 0.0 1 1 0 0
(I)	1.000	0.000	0.000	0.000	1.000	0.000	1.000	0.000	0.000	1.000	1.000	0.000	0.000	
(0)	0.987	0.020	0.018	0.011	0.987	0.012	0.356	0.261	0.015	0.880	0.724	0.272	0.013	
command received: testing 1 0 0 0 1 0 1.0 0.0 0.0 1 1 0 0
(I)	1.000	0.000	0.000	0.000	1.000	0.000	1.000	0.000	0.000	1.000	1.000	0.000	0.000	
(0)	0.990	0.021	0.018	0.015	0.987	0.010	0.311	0.320	0.013	0.878	0.738	0.228	0.010	
command received: testing 1 0 0 0 1 0 1.0 0.0 0.0 1 1 0 0
(I)	1.000	0.000	0.000	0.000	1.000	0.000	1.000	0.000	0.000	1.000	1.000	0.000	0.000	
(0)	0.991	0.019	0.016	0.015	0.987	0.010	0.298	0.349	0.010	0.890	0.748	0.212	0.009	
command received: testing 1 0 0 0 1 0 1.0 0.0 0.0 1 1 0 0
(I)	1.000	0.000	0.000	0.000	1.000	0.000	1.000	0.000	0.000	1.000	1.000	0.000	0.000	
(0)	0.991	0.019	0.017	0.015	0.987	0.010	0.285	0.350	0.010	0.889	0.747	0.218	0.009	
command received: testing 1 0 0 0 1 0 1.0 0.0 0.0 1 1 0 0
(I)	1.000	0.000	0.000	0.000	1.000	0.000	1.000	0.000	0.000	1.000	1.000	0.000	0.000	
(0)	0.991	0.020	0.017	0.015	0.986	0.010	0.284	0.348	0.010	0.888	0.756	0.220	0.009	
command received: testing 1 0 0 0 1 0 0.0 0.0 0.0 1 1 0 0
(I)	1.000	0.000	0.000	0.000	1.000	0.000	0.000	0.000	0.000	1.000	1.000	0.000	0.000	
(0)	0.991	0.014	0.013	0.014	0.986	0.011	0.311	0.446	0.009	0.874	0.689	0.246	0.009	
command received: testing 1 0 0 0 1 0 0.0 0.0 0.0 1 1 0 0
(I)	1.000	0.000	0.000	0.000	1.000	0.000	0.000	0.000	0.000	1.000	1.000	0.000	0.000	
(0)	0.992	0.015	0.012	0.015	0.986	0.012	0.295	0.432	0.009	0.871	0.687	0.248	0.009	
command received: testing 1 0 0 0 1 0 0.0 0.0 0.0 1 1 0 0
(I)	1.000	0.000	0.000	0.000	1.000	0.000	0.000	0.000	0.000	1.000	1.000	0.000	0.000	
(0)	0.992	0.015	0.012	0.015	0.985	0.012	0.299	0.445	0.009	0.871	0.679	0.257	0.009	
command received: testing 1 0 0 0 1 0 0.0 1.0 0.0 1 1 0 0
(I)	1.000	0.000	0.000	0.000	1.000	0.000	0.000	1.000	0.000	1.000	1.000	0.000	0.000	
(0)	0.991	0.011	0.010	0.013	0.989	0.013	0.197	0.478	0.008	0.868	0.521	0.416	0.008	
command received: testing 1 0 0 0 1 0 0.0 1.0 0.0 1 1 0 0
(I)	1.000	0.000	0.000	0.000	1.000	0.000	0.000	1.000	0.000	1.000	1.000	0.000	0.000	
(0)	0.990	0.011	0.010	0.011	0.988	0.014	0.178	0.500	0.008	0.852	0.511	0.466	0.008	
command received: testing 1 0 0 0 1 0 0.0 1.0 0.0 1 1 0 0
(I)	1.000	0.000	0.000	0.000	1.000	0.000	0.000	1.000	0.000	1.000	1.000	0.000	0.000	
(0)	0.990	0.011	0.011	0.011	0.988	0.014	0.172	0.515	0.009	0.853	0.512	0.468	0.009	
command received: testing 1 0 0 0 1 0 0.0 1.0 0.0 0 0 1 0
(I)	1.000	0.000	0.000	0.000	1.000	0.000	0.000	1.000	0.000	0.000	0.000	1.000	0.000	
(0)	0.988	0.009	0.010	0.015	0.988	0.016	0.390	0.359	0.010	0.693	0.152	0.831	0.012	
command received: testing 1 0 0 0 1 0 0.0 1.0 0.0 0 0 1 0
(I)	1.000	0.000	0.000	0.000	1.000	0.000	0.000	1.000	0.000	0.000	0.000	1.000	0.000	
(0)	0.985	0.009	0.010	0.013	0.989	0.018	0.433	0.310	0.011	0.701	0.149	0.863	0.014	
command received: testing 1 0 0 0 1 0 0.0 1.0 0.0 0 0 1 0
(I)	1.000	0.000	0.000	0.000	1.000	0.000	0.000	1.000	0.000	0.000	0.000	1.000	0.000	
(0)	0.983	0.010	0.011	0.013	0.988	0.018	0.455	0.281	0.015	0.680	0.146	0.869	0.016	
command received: testing 1 0 0 0 1 0 0.0 1.0 0.0 0 0 1 0
(I)	1.000	0.000	0.000	0.000	1.000	0.000	0.000	1.000	0.000	0.000	0.000	1.000	0.000	
(0)	0.983	0.010	0.011	0.013	0.988	0.017	0.463	0.281	0.015	0.682	0.147	0.867	0.016	
command received: testing 1 0 0 0 1 0 0.0 1.0 0.0 0 0 1 0
(I)	1.000	0.000	0.000	0.000	1.000	0.000	0.000	1.000	0.000	0.000	0.000	1.000	0.000	
(0)	0.983	0.009	0.011	0.013	0.988	0.017	0.465	0.283	0.014	0.683	0.144	0.866	0.016	
command received: testing 1 0 0 0 1 0 0.0 1.0 0.0 0 0 1 0
(I)	1.000	0.000	0.000	0.000	1.000	0.000	0.000	1.000	0.000	0.000	0.000	1.000	0.000	
(0)	0.983	0.009	0.011	0.013	0.988	0.017	0.466	0.281	0.014	0.681	0.143	0.867	0.016	
command received: testing 1 0 0 0 1 0 0.0 1.0 0.0 1 0 1 0
(I)	1.000	0.000	0.000	0.000	1.000	0.000	0.000	1.000	0.000	1.000	0.000	1.000	0.000	
(0)	0.983	0.009	0.012	0.012	0.988	0.014	0.391	0.251	0.012	0.778	0.188	0.843	0.017	
command received: testing 1 0 0 0 1 0 0.0 1.0 0.0 1 0 1 0
(I)	1.000	0.000	0.000	0.000	1.000	0.000	0.000	1.000	0.000	1.000	0.000	1.000	0.000	
(0)	0.984	0.009	0.012	0.012	0.989	0.014	0.421	0.266	0.012	0.771	0.182	0.852	0.016	
command received: testing 1 0 0 0 1 0 0.0 1.0 0.0 1 0 1 0
(I)	1.000	0.000	0.000	0.000	1.000	0.000	0.000	1.000	0.000	1.000	0.000	1.000	0.000	
(0)	0.984	0.008	0.011	0.012	0.989	0.013	0.419	0.274	0.011	0.773	0.172	0.859	0.015	
command received: testing 1 0 0 0 1 0 0.0 1.0 0.0 1 0 1 0
(I)	1.000	0.000	0.000	0.000	1.000	0.000	0.000	1.000	0.000	1.000	0.000	1.000	0.000	
(0)	0.984	0.008	0.011	0.012	0.989	0.013	0.413	0.279	0.011	0.773	0.171	0.860	0.015	
command received: testing 1 0 0 0 1 0 0.0 1.0 0.0 1 0 1 0
(I)	1.000	0.000	0.000	0.000	1.000	0.000	0.000	1.000	0.000	1.000	0.000	1.000	0.000	
(0)	0.984	0.009	0.011	0.012	0.988	0.013	0.413	0.281	0.011	0.770	0.171	0.863	0.015	
command received: testing 1 0 0 0 1 0 0.0 0.0 0.0 1 0 1 0
(I)	1.000	0.000	0.000	0.000	1.000	0.000	0.000	0.000	0.000	1.000	0.000	1.000	0.000	
(0)	0.986	0.011	0.013	0.013	0.984	0.013	0.553	0.249	0.012	0.762	0.286	0.766	0.017	
command received: testing 1 0 0 0 1 0 0.0 0.0 0.0 1 0 1 0
(I)	1.000	0.000	0.000	0.000	1.000	0.000	0.000	0.000	0.000	1.000	0.000	1.000	0.000	
(0)	0.988	0.012	0.012	0.015	0.984	0.013	0.582	0.237	0.013	0.781	0.293	0.734	0.016	
command received: testing 1 0 0 0 1 0 0.0 0.0 0.0 1 0 1 0
(I)	1.000	0.000	0.000	0.000	1.000	0.000	0.000	0.000	0.000	1.000	0.000	1.000	0.000	
(0)	0.988	0.011	0.012	0.015	0.985	0.013	0.593	0.226	0.012	0.782	0.293	0.723	0.016	
command received: testing 1 0 0 0 1 0 1.0 0.0 0.0 1 0 1 0
(I)	1.000	0.000	0.000	0.000	1.000	0.000	1.000	0.000	0.000	1.000	0.000	1.000	0.000	
(0)	0.987	0.016	0.016	0.016	0.986	0.012	0.567	0.161	0.014	0.807	0.384	0.680	0.016	
command received: testing 1 0 0 0 1 0 1.0 0.0 0.0 1 0 1 0
(I)	1.000	0.000	0.000	0.000	1.000	0.000	1.000	0.000	0.000	1.000	0.000	1.000	0.000	
(0)	0.986	0.015	0.016	0.015	0.987	0.011	0.577	0.166	0.013	0.807	0.387	0.677	0.017	
command received: testing 1 0 0 0 1 0 1.0 0.0 0.0 1 0 1 0
(I)	1.000	0.000	0.000	0.000	1.000	0.000	1.000	0.000	0.000	1.000	0.000	1.000	0.000	
(0)	0.986	0.016	0.016	0.015	0.987	0.011	0.570	0.162	0.013	0.810	0.400	0.662	0.016	
command received: testing 1 0 0 0 1 0 1.0 0.0 0.0 0 0 1 0
(I)	1.000	0.000	0.000	0.000	1.000	0.000	1.000	0.000	0.000	0.000	0.000	1.000	0.000	
(0)	0.986	0.015	0.014	0.016	0.988	0.012	0.638	0.183	0.014	0.726	0.296	0.705	0.016	
command received: testing 1 0 0 0 1 0 1.0 0.0 0.0 0 0 1 0
(I)	1.000	0.000	0.000	0.000	1.000	0.000	1.000	0.000	0.000	0.000	0.000	1.000	0.000	
(0)	0.985	0.016	0.015	0.016	0.987	0.013	0.620	0.172	0.015	0.737	0.310	0.694	0.017	
command received: testing 1 0 0 0 1 0 1.0 0.0 0.0 0 0 1 0
(I)	1.000	0.000	0.000	0.000	1.000	0.000	1.000	0.000	0.000	0.000	0.000	1.000	0.000	
(0)	0.985	0.017	0.016	0.016	0.987	0.013	0.620	0.168	0.017	0.734	0.320	0.686	0.018	
command received: testing 1 0 0 0 1 0 1.0 0.0 0.0 0 0 1 0
(I)	1.000	0.000	0.000	0.000	1.000	0.000	1.000	0.000	0.000	0.000	0.000	1.000	0.000	
(0)	0.985	0.016	0.016	0.016	0.987	0.014	0.623	0.166	0.016	0.736	0.322	0.685	0.018	
command received: testing 1 0 0 0 1 0 1.0 0.0 0.0 0 0 1 0
(I)	1.000	0.000	0.000	0.000	1.000	0.000	1.000	0.000	0.000	0.000	0.000	1.000	0.000	
(0)	0.985	0.016	0.016	0.016	0.987	0.014	0.623	0.165	0.016	0.738	0.321	0.682	0.018	
command received: testing 1 0 0 0 1 0 1.0 0.0 0.0 0 0 1 0
(I)	1.000	0.000	0.000	0.000	1.000	0.000	1.000	0.000	0.000	0.000	0.000	1.000	0.000	
(0)	0.985	0.016	0.016	0.016	0.987	0.013	0.624	0.164	0.016	0.738	0.321	0.683	0.018	
command received: testing 1 0 0 0 1 0 0.0 0.0 0.0 0 0 1 0
(I)	1.000	0.000	0.000	0.000	1.000	0.000	0.000	0.000	0.000	0.000	0.000	1.000	0.000	
(0)	0.985	0.011	0.012	0.015	0.987	0.015	0.647	0.230	0.014	0.709	0.245	0.717	0.016	
command received: testing 1 0 0 0 1 0 1.0 0.0 0.0 1 1 0 0
(I)	1.000	0.000	0.000	0.000	1.000	0.000	1.000	0.000	0.000	1.000	1.000	0.000	0.000	
(0)	0.989	0.021	0.017	0.012	0.986	0.013	0.339	0.248	0.015	0.880	0.725	0.275	0.013	
command received: testing 1 0 0 0 1 0 1.0 0.0 0.0 1 1 0 0
(I)	1.000	0.000	0.000	0.000	1.000	0.000	1.000	0.000	0.000	1.000	1.000	0.000	0.000	
(0)	0.990	0.020	0.019	0.015	0.987	0.010	0.313	0.328	0.013	0.878	0.729	0.237	0.011	
command received: testing 1 0 0 0 1 0 1.0 0.0 0.0 1 1 0 0
(I)	1.000	0.000	0.000	0.000	1.000	0.000	1.000	0.000	0.000	1.000	1.000	0.000	0.000	
(0)	0.991	0.020	0.017	0.015	0.986	0.010	0.293	0.349	0.010	0.888	0.756	0.212	0.009	
command received: testing 1 0 0 0 1 0 1.0 0.0 0.0 1 1 0 0
(I)	1.000	0.000	0.000	0.000	1.000	0.000	1.000	0.000	0.000	1.000	1.000	0.000	0.000	
(0)	0.991	0.019	0.016	0.015	0.986	0.010	0.285	0.350	0.010	0.890	0.749	0.217	0.009	
command received: testing 1 0 0 0 1 0 0.0 0.0 0.0 1 1 0 0
(I)	1.000	0.000	0.000	0.000	1.000	0.000	0.000	0.000	0.000	1.000	1.000	0.000	0.000	
(0)	0.991	0.014	0.013	0.014	0.986	0.011	0.310	0.444	0.009	0.873	0.686	0.249	0.009	
command received: testing 1 0 0 0 1 0 0.0 0.0 0.0 1 1 0 0
(I)	1.000	0.000	0.000	0.000	1.000	0.000	0.000	0.000	0.000	1.000	1.000	0.000	0.000	
(0)	0.992	0.015	0.012	0.015	0.986	0.012	0.294	0.433	0.009	0.872	0.686	0.248	0.009	
command received: testing 1 0 0 0 1 0 0.0 0.0 0.0 1 1 0 0
(I)	1.000	0.000	0.000	0.000	1.000	0.000	0.000	0.000	0.000	1.000	1.000	0.000	0.000	
(0)	0.992	0.015	0.012	0.015	0.985	0.012	0.299	0.445	0.009	0.871	0.679	0.257	0.009	
command received: testing 1 0 0 0 1 0 1.0 0.0 0.0 1 1 0 0
(I)	1.000	0.000	0.000	0.000	1.000	0.000	1.000	0.000	0.000	1.000	1.000	0.000	0.000	
(0)	0.992	0.022	0.016	0.016	0.985	0.012	0.270	0.351	0.010	0.884	0.758	0.228	0.009	
command received: testing 1 0 0 0 1 0 0.0 0.0 0.0 1 1 0 0
(I)	1.000	0.000	0.000	0.000	1.000	0.000	0.000	0.000	0.000	1.000	1.000	0.000	0.000	
(0)	0.991	0.014	0.013	0.015	0.985	0.012	0.310	0.461	0.009	0.871	0.694	0.255	0.009	
command received: testing 1 0 0 0 1 0 0.0 1.0 0.0 1 1 0 0
(I)	1.000	0.000	0.000	0.000	1.000	0.000	0.000	1.000	0.000	1.000	1.000	0.000	0.000	
(0)	0.991	0.011	0.010	0.013	0.989	0.013	0.195	0.463	0.009	0.871	0.534	0.404	0.008	
command received: testing 1 0 0 0 1 0 0.0 1.0 0.0 1 1 0 0
(I)	1.000	0.000	0.000	0.000	1.000	0.000	0.000	1.000	0.000	1.000	1.000	0.000	0.000	
(0)	0.990	0.010	0.010	0.011	0.989	0.013	0.181	0.495	0.008	0.856	0.501	0.464	0.008	
command received: testing 1 0 0 0 1 0 0.0 1.0 0.0 0 0 1 0
(I)	1.000	0.000	0.000	0.000	1.000	0.000	0.000	1.000	0.000	0.000	0.000	1.000	0.000	
(0)	0.988	0.009	0.010	0.015	0.989	0.015	0.389	0.355	0.009	0.701	0.152	0.826	0.012	
command received: testing 1 0 0 0 1 0 0.0 0.0 0.0 0 0 1 0
(I)	1.000	0.000	0.000	0.000	1.000	0.000	0.000	0.000	0.000	0.000	0.000	1.000	0.000	
(0)	0.987	0.012	0.012	0.015	0.984	0.018	0.579	0.269	0.012	0.691	0.248	0.766	0.016	
command received: testing 1 0 0 0 1 0 0.0 1.0 0.0 0 0 1 0
(I)	1.000	0.000	0.000	0.000	1.000	0.000	0.000	1.000	0.000	0.000	0.000	1.000	0.000	
(0)	0.984	0.010	0.010	0.014	0.988	0.017	0.479	0.267	0.016	0.703	0.148	0.850	0.015	
command received: testing 1 0 0 0 1 0 0.0 1.0 0.0 0 0 1 0
(I)	1.000	0.000	0.000	0.000	1.000	0.000	0.000	1.000	0.000	0.000	0.000	1.000	0.000	
(0)	0.983	0.009	0.011	0.013	0.988	0.017	0.475	0.268	0.014	0.683	0.144	0.861	0.016	
command received: testing 1 0 0 0 1 0 0.0 1.0 0.0 0 0 1 0
(I)	1.000	0.000	0.000	0.000	1.000	0.000	0.000	1.000	0.000	0.000	0.000	1.000	0.000	
(0)	0.982	0.009	0.011	0.013	0.989	0.017	0.462	0.284	0.013	0.689	0.143	0.862	0.016	
command received: testing 1 0 0 0 1 0 0.0 1.0 0.0 0 0 1 0
(I)	1.000	0.000	0.000	0.000	1.000	0.000	0.000	1.000	0.000	0.000	0.000	1.000	0.000	
(0)	0.983	0.009	0.011	0.013	0.988	0.017	0.467	0.277	0.014	0.684	0.142	0.865	0.016	
command received: testing 1 0 0 0 1 0 0.0 1.0 0.0 1 0 1 0
(I)	1.000	0.000	0.000	0.000	1.000	0.000	0.000	1.000	0.000	1.000	0.000	1.000	0.000	
(0)	0.983	0.009	0.012	0.012	0.988	0.014	0.390	0.252	0.012	0.779	0.187	0.843	0.017	
command received: testing 1 0 0 0 1 0 0.0 1.0 0.0 1 0 1 0
(I)	1.000	0.000	0.000	0.000	1.000	0.000	0.000	1.000	0.000	1.000	0.000	1.000	0.000	
(0)	0.984	0.009	0.012	0.012	0.989	0.014	0.421	0.266	0.012	0.771	0.182	0.851	0.016	
command received: testing 1 0 0 0 1 0 0.0 1.0 0.0 1 0 1 0
(I)	1.000	0.000	0.000	0.000	1.000	0.000	0.000	1.000	0.000	1.000	0.000	1.000	0.000	
(0)	0.984	0.008	0.011	0.012	0.989	0.013	0.419	0.274	0.011	0.773	0.172	0.858	0.015	
command received: testing 1 0 0 0 1 0 0.0 1.0 0.0 1 0 1 0
(I)	1.000	0.000	0.000	0.000	1.000	0.000	0.000	1.000	0.000	1.000	0.000	1.000	0.000	
(0)	0.984	0.008	0.011	0.012	0.989	0.013	0.413	0.280	0.011	0.773	0.171	0.860	0.015	
command received: testing 1 0 0 0 1 0 0.0 1.0 0.0 1 0 1 0
(I)	1.000	0.000	0.000	0.000	1.000	0.000	0.000	1.000	0.000	1.000	0.000	1.000	0.000	
(0)	0.984	0.009	0.011	0.012	0.988	0.013	0.413	0.281	0.011	0.770	0.171	0.863	0.015	
command received: testing 1 0 0 0 1 0 0.0 0.0 0.0 1 0 1 0
(I)	1.000	0.000	0.000	0.000	1.000	0.000	0.000	0.000	0.000	1.000	0.000	1.000	0.000	
(0)	0.986	0.011	0.013	0.013	0.983	0.013	0.553	0.250	0.012	0.762	0.286	0.766	0.017	
command received: testing 1 0 0 0 1 0 0.0 0.0 0.0 1 0 1 0
(I)	1.000	0.000	0.000	0.000	1.000	0.000	0.000	0.000	0.000	1.000	0.000	1.000	0.000	
(0)	0.988	0.012	0.012	0.015	0.984	0.013	0.582	0.237	0.013	0.781	0.293	0.734	0.016	
command received: testing 1 0 0 0 1 0 0.0 0.0 0.0 1 0 1 0
(I)	1.000	0.000	0.000	0.000	1.000	0.000	0.000	0.000	0.000	1.000	0.000	1.000	0.000	
(0)	0.988	0.011	0.012	0.015	0.985	0.013	0.593	0.226	0.012	0.782	0.293	0.723	0.016	
command received: testing 1 0 0 0 1 0 1.0 0.0 0.0 1 0 1 0
(I)	1.000	0.000	0.000	0.000	1.000	0.000	1.000	0.000	0.000	1.000	0.000	1.000	0.000	
(0)	0.987	0.016	0.016	0.016	0.986	0.012	0.567	0.161	0.014	0.807	0.384	0.680	0.016	
command received: testing 1 0 0 0 1 0 1.0 0.0 0.0 1 0 1 0
(I)	1.000	0.000	0.000	0.000	1.000	0.000	1.000	0.000	0.000	1.000	0.000	1.000	0.000	
(0)	0.986	0.015	0.016	0.015	0.987	0.011	0.577	0.166	0.013	0.807	0.387	0.677	0.017	
command received: testing 1 0 0 0 1 0 1.0 0.0 0.0 1 0 1 0
(I)	1.000	0.000	0.000	0.000	1.000	0.000	1.000	0.000	0.000	1.000	0.000	1.000	0.000	
(0)	0.986	0.016	0.016	0.015	0.987	0.011	0.570	0.162	0.013	0.810	0.400	0.662	0.016	
command received: testing 1 0 0 0 1 0 0.0 0.0 0.0 1 0 1 0
(I)	1.000	0.000	0.000	0.000	1.000	0.000	0.000	0.000	0.000	1.000	0.000	1.000	0.000	
(0)	0.986	0.010	0.012	0.014	0.987	0.012	0.600	0.229	0.011	0.797	0.299	0.695	0.016	
command received: testing 1 0 0 0 1 0 1.0 0.0 0.0 0 0 1 0
(I)	1.000	0.000	0.000	0.000	1.000	0.000	1.000	0.000	0.000	0.000	0.000	1.000	0.000	
(0)	0.987	0.016	0.014	0.017	0.988	0.013	0.625	0.175	0.014	0.730	0.297	0.702	0.014	
command received: testing 1 0 0 0 1 0 1.0 0.0 0.0 0 0 1 0
(I)	1.000	0.000	0.000	0.000	1.000	0.000	1.000	0.000	0.000	0.000	0.000	1.000	0.000	
(0)	0.984	0.015	0.015	0.016	0.987	0.013	0.626	0.178	0.016	0.736	0.300	0.706	0.018	
command received: testing 1 0 0 0 1 0 1.0 0.0 0.0 0 0 1 0
(I)	1.000	0.000	0.000	0.000	1.000	0.000	1.000	0.000	0.000	0.000	0.000	1.000	0.000	
(0)	0.985	0.017	0.016	0.016	0.987	0.014	0.613	0.168	0.017	0.730	0.329	0.688	0.018	
command received: testing 1 0 0 0 1 0 1.0 0.0 0.0 0 0 1 0
(I)	1.000	0.000	0.000	0.000	1.000	0.000	1.000	0.000	0.000	0.000	0.000	1.000	0.000	
(0)	0.985	0.017	0.016	0.016	0.987	0.014	0.625	0.166	0.016	0.736	0.325	0.684	0.018	
command received: testing 1 0 0 0 1 0 1.0 0.0 0.0 0 0 1 0
(I)	1.000	0.000	0.000	0.000	1.000	0.000	1.000	0.000	0.000	0.000	0.000	1.000	0.000	
(0)	0.985	0.016	0.016	0.016	0.987	0.013	0.623	0.165	0.016	0.739	0.320	0.683	0.018	
command received: testing 1 0 0 0 1 0 0.0 0.0 0.0 0 0 1 0
(I)	1.000	0.000	0.000	0.000	1.000	0.000	0.000	0.000	0.000	0.000	0.000	1.000	0.000	
(0)	0.985	0.011	0.012	0.015	0.987	0.015	0.649	0.230	0.014	0.708	0.245	0.717	0.017	
command received: testing 1 0 0 0 1 0 1.0 0.0 0.0 1 1 0 0
(I)	1.000	0.000	0.000	0.000	1.000	0.000	1.000	0.000	0.000	1.000	1.000	0.000	0.000	
(0)	0.989	0.021	0.017	0.012	0.986	0.013	0.339	0.248	0.015	0.880	0.725	0.275	0.013	
command received: testing 1 0 0 0 1 0 1.0 0.0 0.0 1 1 0 0
(I)	1.000	0.000	0.000	0.000	1.000	0.000	1.000	0.000	0.000	1.000	1.000	0.000	0.000	
(0)	0.990	0.020	0.019	0.015	0.986	0.010	0.313	0.328	0.013	0.878	0.729	0.237	0.011	
command received: testing 1 0 0 0 1 0 1.0 0.0 0.0 1 1 0 0
(I)	1.000	0.000	0.000	0.000	1.000	0.000	1.000	0.000	0.000	1.000	1.000	0.000	0.000	
(0)	0.991	0.020	0.017	0.015	0.986	0.010	0.292	0.349	0.010	0.888	0.756	0.212	0.009	
command received: testing 1 0 0 0 1 0 1.0 0.0 0.0 1 1 0 0
(I)	1.000	0.000	0.000	0.000	1.000	0.000	1.000	0.000	0.000	1.000	1.000	0.000	0.000	
(0)	0.991	0.019	0.016	0.015	0.986	0.010	0.285	0.350	0.010	0.890	0.749	0.217	0.009	
command received: testing 1 0 0 0 1 0 0.0 0.0 0.0 1 1 0 0
(I)	1.000	0.000	0.000	0.000	1.000	0.000	0.000	0.000	0.000	1.000	1.000	0.000	0.000	
(0)	0.991	0.014	0.013	0.014	0.986	0.011	0.310	0.444	0.009	0.873	0.686	0.249	0.009	
command received: testing 1 0 0 0 1 0 1.0 0.0 0.0 1 1 0 0
(I)	1.000	0.000	0.000	0.000	1.000	0.000	1.000	0.000	0.000	1.000	1.000	0.000	0.000	
(0)	0.992	0.022	0.016	0.016	0.986	0.012	0.270	0.338	0.011	0.888	0.757	0.220	0.009	
command received: testing 1 0 0 0 1 0 0.0 0.0 0.0 1 1 0 0
(I)	1.000	0.000	0.000	0.000	1.000	0.000	0.000	0.000	0.000	1.000	1.000	0.000	0.000	
(0)	0.991	0.014	0.013	0.014	0.986	0.011	0.314	0.457	0.009	0.873	0.684	0.254	0.009	
command received: testing 1 0 0 0 1 0 0.0 0.0 0.0 1 1 0 0
(I)	1.000	0.000	0.000	0.000	1.000	0.000	0.000	0.000	0.000	1.000	1.000	0.000	0.000	
(0)	0.992	0.015	0.012	0.015	0.985	0.013	0.291	0.436	0.009	0.869	0.695	0.248	0.009	
command received: testing 1 0 0 0 1 0 0.0 0.0 0.0 1 1 0 0
(I)	1.000	0.000	0.000	0.000	1.000	0.000	0.000	0.000	0.000	1.000	1.000	0.000	0.000	
(0)	0.992	0.015	0.012	0.015	0.985	0.012	0.299	0.446	0.009	0.871	0.681	0.257	0.009	
command received: testing 1 0 0 0 1 0 0.0 1.0 0.0 1 1 0 0
(I)	1.000	0.000	0.000	0.000	1.000	0.000	0.000	1.000	0.000	1.000	1.000	0.000	0.000	
(0)	0.991	0.011	0.010	0.013	0.989	0.013	0.196	0.477	0.008	0.869	0.520	0.417	0.008	
command received: testing 1 0 0 0 1 0 0.0 1.0 0.0 1 1 0 0
(I)	1.000	0.000	0.000	0.000	1.000	0.000	0.000	1.000	0.000	1.000	1.000	0.000	0.000	
(0)	0.990	0.011	0.010	0.011	0.988	0.014	0.178	0.499	0.008	0.852	0.511	0.465	0.008	
command received: testing 1 0 0 0 1 0 0.0 1.0 0.0 0 0 1 0
(I)	1.000	0.000	0.000	0.000	1.000	0.000	0.000	1.000	0.000	0.000	0.000	1.000	0.000	
(0)	0.988	0.009	0.010	0.015	0.989	0.015	0.388	0.356	0.010	0.700	0.153	0.827	0.012	
command received: testing 1 0 0 0 1 0 0.0 1.0 0.0 0 0 1 0
(I)	1.000	0.000	0.000	0.000	1.000	0.000	0.000	1.000	0.000	0.000	0.000	1.000	0.000	
(0)	0.985	0.008	0.010	0.013	0.989	0.017	0.435	0.305	0.011	0.703	0.148	0.862	0.014	
command received: testing 1 0 0 0 1 0 0.0 1.0 0.0 0 0 1 0
(I)	1.000	0.000	0.000	0.000	1.000	0.000	0.000	1.000	0.000	0.000	0.000	1.000	0.000	
(0)	0.983	0.010	0.011	0.013	0.988	0.018	0.453	0.281	0.015	0.681	0.146	0.868	0.016	
command received: testing 1 0 0 0 1 0 0.0 1.0 0.0 0 0 1 0
(I)	1.000	0.000	0.000	0.000	1.000	0.000	0.000	1.000	0.000	0.000	0.000	1.000	0.000	
(0)	0.983	0.010	0.011	0.013	0.988	0.017	0.464	0.281	0.015	0.683	0.146	0.866	0.016	
command received: testing 1 0 0 0 1 0 0.0 1.0 0.0 0 0 1 0
(I)	1.000	0.000	0.000	0.000	1.000	0.000	0.000	1.000	0.000	0.000	0.000	1.000	0.000	
(0)	0.983	0.009	0.011	0.013	0.988	0.017	0.465	0.283	0.014	0.684	0.143	0.866	0.016	
command received: testing 1 0 0 0 1 0 0.0 1.0 0.0 0 0 1 0
(I)	1.000	0.000	0.000	0.000	1.000	0.000	0.000	1.000	0.000	0.000	0.000	1.000	0.000	
(0)	0.983	0.009	0.011	0.013	0.988	0.017	0.466	0.281	0.014	0.682	0.143	0.867	0.016	
command received: testing 1 0 0 0 1 0 0.0 1.0 0.0 1 0 1 0
(I)	1.000	0.000	0.000	0.000	1.000	0.000	0.000	1.000	0.000	1.000	0.000	1.000	0.000	
(0)	0.983	0.009	0.012	0.012	0.988	0.014	0.391	0.251	0.012	0.778	0.188	0.843	0.017	
command received: testing 1 0 0 0 1 0 0.0 1.0 0.0 1 0 1 0
(I)	1.000	0.000	0.000	0.000	1.000	0.000	0.000	1.000	0.000	1.000	0.000	1.000	0.000	
(0)	0.984	0.009	0.012	0.012	0.989	0.014	0.421	0.266	0.012	0.771	0.182	0.851	0.016	
command received: testing 1 0 0 0 1 0 0.0 1.0 0.0 1 0 1 0
(I)	1.000	0.000	0.000	0.000	1.000	0.000	0.000	1.000	0.000	1.000	0.000	1.000	0.000	
(0)	0.984	0.008	0.011	0.012	0.989	0.013	0.419	0.274	0.011	0.773	0.172	0.859	0.015	
command received: testing 1 0 0 0 1 0 0.0 1.0 0.0 1 0 1 0
(I)	1.000	0.000	0.000	0.000	1.000	0.000	0.000	1.000	0.000	1.000	0.000	1.000	0.000	
(0)	0.984	0.008	0.011	0.012	0.989	0.013	0.413	0.279	0.011	0.773	0.171	0.860	0.015	
command received: testing 1 0 0 0 1 0 0.0 1.0 0.0 1 0 1 0
(I)	1.000	0.000	0.000	0.000	1.000	0.000	0.000	1.000	0.000	1.000	0.000	1.000	0.000	
(0)	0.984	0.009	0.011	0.012	0.988	0.013	0.413	0.281	0.011	0.770	0.171	0.863	0.015	
command received: testing 1 0 0 0 1 0 0.0 0.0 0.0 1 0 1 0
(I)	1.000	0.000	0.000	0.000	1.000	0.000	0.000	0.000	0.000	1.000	0.000	1.000	0.000	
(0)	0.986	0.011	0.013	0.013	0.984	0.013	0.553	0.249	0.012	0.762	0.286	0.766	0.017	
command received: testing 1 0 0 0 1 0 0.0 0.0 0.0 1 0 1 0
(I)	1.000	0.000	0.000	0.000	1.000	0.000	0.000	0.000	0.000	1.000	0.000	1.000	0.000	
(0)	0.988	0.012	0.012	0.015	0.984	0.013	0.582	0.237	0.013	0.781	0.293	0.734	0.016	
command received: testing 1 0 0 0 1 0 0.0 0.0 0.0 1 0 1 0
(I)	1.000	0.000	0.000	0.000	1.000	0.000	0.000	0.000	0.000	1.000	0.000	1.000	0.000	
(0)	0.988	0.011	0.012	0.015	0.985	0.013	0.593	0.226	0.012	0.782	0.293	0.723	0.016	
command received: testing 1 0 0 0 1 0 1.0 0.0 0.0 1 0 1 0
(I)	1.000	0.000	0.000	0.000	1.000	0.000	1.000	0.000	0.000	1.000	0.000	1.000	0.000	
(0)	0.987	0.016	0.016	0.016	0.986	0.012	0.567	0.161	0.014	0.807	0.384	0.680	0.016	
command received: testing 1 0 0 0 1 0 1.0 0.0 0.0 1 0 1 0
(I)	1.000	0.000	0.000	0.000	1.000	0.000	1.000	0.000	0.000	1.000	0.000	1.000	0.000	
(0)	0.986	0.015	0.016	0.015	0.987	0.011	0.577	0.166	0.013	0.807	0.387	0.677	0.017	
command received: testing 1 0 0 0 1 0 1.0 0.0 0.0 1 0 1 0
(I)	1.000	0.000	0.000	0.000	1.000	0.000	1.000	0.000	0.000	1.000	0.000	1.000	0.000	
(0)	0.986	0.016	0.016	0.015	0.987	0.011	0.570	0.162	0.013	0.810	0.400	0.662	0.016	
command received: testing 1 0 0 0 1 0 1.0 0.0 0.0 0 0 1 0
(I)	1.000	0.000	0.000	0.000	1.000	0.000	1.000	0.000	0.000	0.000	0.000	1.000	0.000	
(0)	0.986	0.015	0.014	0.016	0.988	0.012	0.638	0.183	0.014	0.726	0.296	0.705	0.016	
command received: testing 1 0 0 0 1 0 1.0 0.0 0.0 0 0 1 0
(I)	1.000	0.000	0.000	0.000	1.000	0.000	1.000	0.000	0.000	0.000	0.000	1.000	0.000	
(0)	0.985	0.016	0.015	0.016	0.987	0.013	0.620	0.172	0.015	0.737	0.310	0.694	0.017	
command received: testing 1 0 0 0 1 0 1.0 0.0 0.0 0 0 1 0
(I)	1.000	0.000	0.000	0.000	1.000	0.000	1.000	0.000	0.000	0.000	0.000	1.000	0.000	
(0)	0.985	0.017	0.016	0.016	0.987	0.013	0.620	0.168	0.017	0.734	0.320	0.686	0.018	
command received: testing 1 0 0 0 1 0 1.0 0.0 0.0 0 0 1 0
(I)	1.000	0.000	0.000	0.000	1.000	0.000	1.000	0.000	0.000	0.000	0.000	1.000	0.000	
(0)	0.985	0.016	0.016	0.016	0.987	0.014	0.623	0.166	0.016	0.736	0.322	0.685	0.018	
command received: testing 1 0 0 0 1 0 0.0 0.0 0.0 0 0 1 0
(I)	1.000	0.000	0.000	0.000	1.000	0.000	0.000	0.000	0.000	0.000	0.000	1.000	0.000	
(0)	0.985	0.011	0.012	0.015	0.987	0.015	0.647	0.231	0.014	0.709	0.245	0.716	0.016	
command received: testing 1 0 0 0 1 0 1.0 0.0 0.0 0 0 1 0
(I)	1.000	0.000	0.000	0.000	1.000	0.000	1.000	0.000	0.000	0.000	0.000	1.000	0.000	
(0)	0.987	0.017	0.015	0.017	0.987	0.014	0.608	0.156	0.016	0.740	0.322	0.682	0.017	
command received: testing 1 0 0 0 1 0 1.0 0.0 0.0 1 1 0 0
(I)	1.000	0.000	0.000	0.000	1.000	0.000	1.000	0.000	0.000	1.000	1.000	0.000	0.000	
(0)	0.987	0.019	0.018	0.012	0.987	0.012	0.361	0.266	0.015	0.879	0.714	0.284	0.013	
command received: testing 1 0 0 0 1 0 1.0 0.0 0.0 1 1 0 0
(I)	1.000	0.000	0.000	0.000	1.000	0.000	1.000	0.000	0.000	1.000	1.000	0.000	0.000	
(0)	0.990	0.022	0.019	0.014	0.987	0.010	0.307	0.320	0.014	0.875	0.746	0.228	0.011	
command received: testing 1 0 0 0 1 0 1.0 0.0 0.0 1 1 0 0
(I)	1.000	0.000	0.000	0.000	1.000	0.000	1.000	0.000	0.000	1.000	1.000	0.000	0.000	
(0)	0.991	0.020	0.016	0.015	0.987	0.010	0.299	0.349	0.010	0.890	0.750	0.211	0.009	
command received: testing 1 0 0 0 1 0 1.0 0.0 0.0 1 1 0 0
(I)	1.000	0.000	0.000	0.000	1.000	0.000	1.000	0.000	0.000	1.000	1.000	0.000	0.000	
(0)	0.991	0.019	0.016	0.015	0.987	0.010	0.285	0.349	0.010	0.890	0.746	0.218	0.009	
command received: testing 1 0 0 0 1 0 1.0 0.0 0.0 1 1 0 0
(I)	1.000	0.000	0.000	0.000	1.000	0.000	1.000	0.000	0.000	1.000	1.000	0.000	0.000	
(0)	0.991	0.020	0.017	0.015	0.986	0.010	0.284	0.348	0.010	0.888	0.756	0.220	0.009	
command received: testing 1 0 0 0 1 0 0.0 0.0 0.0 1 1 0 0
(I)	1.000	0.000	0.000	0.000	1.000	0.000	0.000	0.000	0.000	1.000	1.000	0.000	0.000	
(0)	0.991	0.014	0.013	0.014	0.986	0.011	0.311	0.446	0.009	0.874	0.689	0.246	0.009	
command received: testing 1 0 0 0 1 0 0.0 0.0 0.0 1 1 0 0
(I)	1.000	0.000	0.000	0.000	1.000	0.000	0.000	0.000	0.000	1.000	1.000	0.000	0.000	
(0)	0.992	0.015	0.012	0.015	0.986	0.012	0.295	0.432	0.009	0.871	0.687	0.248	0.009	
command received: testing 1 0 0 0 1 0 1.0 0.0 0.0 1 1 0 0
(I)	1.000	0.000	0.000	0.000	1.000	0.000	1.000	0.000	0.000	1.000	1.000	0.000	0.000	
(0)	0.992	0.021	0.015	0.016	0.985	0.012	0.275	0.348	0.010	0.887	0.751	0.227	0.009	
command received: testing 1 0 0 0 1 0 0.0 0.0 0.0 1 1 0 0
(I)	1.000	0.000	0.000	0.000	1.000	0.000	0.000	0.000	0.000	1.000	1.000	0.000	0.000	
(0)	0.991	0.014	0.013	0.014	0.985	0.012	0.310	0.460	0.009	0.871	0.691	0.255	0.009	
command received: testing 1 0 0 0 1 0 0.0 0.0 0.0 1 1 0 0
(I)	1.000	0.000	0.000	0.000	1.000	0.000	0.000	0.000	0.000	1.000	1.000	0.000	0.000	
(0)	0.993	0.016	0.012	0.015	0.985	0.013	0.291	0.437	0.009	0.869	0.697	0.249	0.009	
