0	0	0	1	0	0	0	0	1	0	0	0	0
0	0	0	1	0	0	0	0	1	0	0	0	0
0	0	0	1	0	0	0	0	1	0	0	0	0
0	0	0	1	0	0	0	0	1	0	0	0	0
0	0	0	1	0	0	0	0	1	0	0	0	0
0	0	0	1	0	0	0	0	1	0	0	0	0
0	0	0	1	0	0	0	0	1	0	0	0	0
0	0	0	1	0	0	0	0	1	0	0	0	0
0	0	0	1	0	0	0	0	1	0	0	0	0
0	0	0	1	0	0	0	0	1	0	0	0	0
0	0	0	1	0	0	0	0	1	0	0	0	0
0	0	0	1	0	0	0	0	1	0	0	0	0
0	0	0	1	0	0	0	0	1	0	0	0	0
0	0	0	1	0	0	0	0	1	0	0	0	0
0	0	0	1	0	0	0	0	1	0	0	0	0
0	0	0	1	0	0	0	0	1	0	0	0	0
0	0	0	1	0	0	0	0	1	0	0	0	0
0	0	0	1	0	0	0	0	1	0	0	0	0
0	0	0	1	0	0	0	0	1	0	0	0	0
0	0	0		1	0	0	0	0	1	0.8	0	0	0
0	0	0		1	0	0	0	0	1	0.54	0	0	0.0263158
0	0	0		1	0	0	0	0	1	0.96	0	0	0.0526316
0	0	0		1	0	0	0	0	1	0.92	0	0	0.0789474
0	0	0		1	0	0	0	0	1	0.64	0	0	0.105263
0	0	0		1	0	0	0	0	1	0.69	0	0	0.131579
0	0	0		1	0	0	0	0	1	0.82	0	0	0.157895
0	0	0		1	0	0	0	0	1	0.91	0	0	0.184211
0	0	0		1	0	0	0	0	1	0.87	0	0	0.210526
0	0	0		1	0	0	0	0	1	0.99	0	0	0.236842
0	0	0		1	0	0	0	0	1	0.72	0	0	0.263158
0	0	0		1	0	0	0	0	1	0.67	0	0	0.289474
0	0	0		1	0	0	0	0	1	0.87	0	0	0.315789
0	0	0		1	0	0	0	0	1	0.63	0	0	0.342105
0	0	0		1	0	0	0	0	1	0.82	0	0	0.368421
0	0	0		1	0	0	0	0	1	0.83	0	0	0.394737
0	0	0		1	0	0	0	0	1	0.56	0	0	0.421053
0	0	0		1	0	0	0	0	1	0.69	0	0	0.447368
0	0	0		1	0	0	0	0	1	0.87	0	0	0.473684
0	0	0		1	0	0	0	0	1	0.94	0	0	0.5
0	0	0		1	0	0	0	0	1	0.65	0	0	0.526316
0	0	0		1	0	0	0	0	1	0.52	0	0	0.552632
0	0	0		1	0	0	0	0	1	0.66	0	0	0.578947
0	0	0		1	0	0	0	0	1	0.65	0	0	0.605263
0	0	0		1	0	0	0	0	1	0.72	0	0	0.631579
0	0	0		1	0	0	0	0	1	0.87	0	0	0.657895
0	0	0		1	0	0	0	0	1	0.62	0	0	0.684211
0	0	0		1	0	0	0	0	1	0.72	0	0	0.710526
0	0	0		1	0	0	0	0	1	0.89	0	0	0.736842
0	0	0		1	0	0	0	0	1	0.57	0	0	0.763158
0	0	0		1	0	0	0	0	1	0.97	0	0	0.789474
0	0	0		1	0	0	0	0	1	0.6	0	0	0.815789
0	0	0		1	0	0	0	0	1	0.53	0	0	0.842105
0	0	0		1	0	0	0	0	1	0.68	0	0	0.868421
0	0	0		1	0	0	0	0	1	0.68	0	0	0.894737
0	0	0		1	0	0	0	0	1	0.82	0	0	0.921053
0	0	0		1	0	0	0	0	1	0.64	0	0	0.947368
0	0	0		1	0	0	0	0	1	0.66	0	0	0.973684
0	0	0	1	0	0	0	0	1	0	0	0	0
0	0	0	1	0	0	0	0	1	0	0	0	0
0	0	0	1	0	0	0	0	1	0	0	0	0
0	0	0	1	0	0	0	0	1	0	0	0	0
0	0	0	1	0	0	0	0	1	0	0	0	0
0	0	0	1	0	0	0	0	1	0	0	0	0
0	0	0	1	0	0	0	0	1	0	0	0	0
0	0	0	1	0	0	0	0	1	0	0	0	0
0	0	0	1	0	0	0	0	1	0	0	0	0
0	0	0	1	0	0	0	0	1	0	0	0	0
0	0	0	1	0	0	0	0	1	0	0	0	0
0	0	0	1	0	0	0	0	1	0	0	0	0
0	0	0	1	0	0	0	0	1	0	0	0	0
0	0	0	1	0	0	0	0	1	0	0	0	0
0	0	0	1	0	0	0	0	1	0	0	0	0
0	0	0	1	0	0	0	0	1	0	0	0	0
0	0	0	1	0	0	0	0	1	0	0	0	0
0	0	0	1	0	0	0	0	1	0	0	0	0
0	0	0	1	0	0	0	0	1	0	0	0	0
0	0	0	1	0	0	0	0	1	0	0	0	0
0	0	0	1	0	0	0	0	1	0	0	0	0
0	0	0	1	0	0	0	0	1	0	0	0	0
0	0	0	1	0	0	0	0	1	0	0	0	0
0	0	0	1	0	0	0	0	1	0	0	0	0
0	0	0	1	0	0	0	0	1	0	0	0	0
0	0	0	1	0	0	0	0	1	0	0	0	0
0	0	0	1	0	0	0	0	1	0	0	0	0
0	0	0	1	0	0	0	0	1	0	0	0	0
0	0	0	1	0	0	0	0	1	0	0	0	0
0	0	0	1	0	0	0	0	1	0	0	0	0
0	0	0		1	0	0	0	0	1	0	0	0.71	1
0	0	0		1	0	0	0	0	1	0	0	0.82	1
0	0	0		1	0	0	0	0	1	0	0	0.8	1
0	0	0		1	0	0	0	0	1	0	0	0.9	1
0	0	0		1	0	0	0	0	1	0	0	0.93	1
0	0	0		1	0	0	0	0	1	0	0	0.64	1
0	0	0		1	0	0	0	0	1	0	0	0.55	1
0	0	0		1	0	0	0	0	1	0	0	0.72	1
0	0	0		1	0	0	0	0	1	0	0	0.83	1
0	0	0		1	0	0	0	0	1	0	0	0.81	1
0	0	0		1	0	0	0	0	1	0	0	0.96	1
0	0	0		1	0	0	0	0	1	0	0	0.55	1
0	0	0		1	0	0	0	0	1	0	0	0.56	1
0	0	0		1	0	0	0	0	1	0	0	0.51	1
0	0	0		1	0	0	0	0	1	0	0	0.66	1
0	0	0		1	0	0	0	0	1	0	0	0.55	1
0	0	0		1	0	0	0	0	1	0	0	0.87	1
0	0	0		1	0	0	0	0	1	0	0	0.97	1
0	0	0		1	0	0	0	0	1	0	0	0.57	1
0	0	0		1	0	0	0	0	1	0	0	0.8	1
0	0	0		1	0	0	0	0	1	0	0	0.9	1
0	0	0		1	0	0	0	0	1	0	0	0.65	1
0	0	0		1	0	0	0	0	1	0	0	0.52	1
0	0	0		1	0	0	0	0	1	0	0	0.84	1
0	0	0		1	0	0	0	0	1	0	0	0.56	1
0	0	0		1	0	0	0	0	1	0	0	0.96	1
0	0	0		1	0	0	0	0	1	0	0	0.8	1
0	0	0		1	0	0	0	0	1	0	0	0.89	1
0	0	0		1	0	0	0	0	1	0	0	0.72	1
0	0	0		1	0	0	0	0	1	0	0	0.66	1
0	0	0		1	0	0	0	0	1	0	0	0.88	1
0	0	0		1	0	0	0	0	1	0	0	0.68	1
0	0	0		1	0	0	0	0	1	0	0	0.93	1
0	0	0		1	0	0	0	0	1	0	0	0.82	1
0	0	0		1	0	0	0	0	1	0	0	0.81	1
0	0	0		1	0	0	0	0	1	0	0	0.56	1
0	0	0		1	0	0	0	0	1	0	0	0.92	1
0	0	0		1	0	0	0	0	1	0	0	0.57	1
0	0	0		1	0	0	0	0	1	0	0	0.98	1
0	0	0		1	0	0	0	0	1	0	0	0.9	1
0	0	0		1	0	0	0	0	1	0	0	0.72	1
0	0	0		1	0	0	0	0	1	0	0	0.71	1
0	0	0		1	0	0	0	0	1	0	0	0.99	1
0	0	0		1	0	0	0	0	1	0	0	0.82	1
0	0	0	1	0	0	0	0	1	0	0	0	0
0	0	0	1	0	0	0	0	1	0	0	0	0
0	0	0	1	0	0	0	0	1	0	0	0	0
0	0	0	1	0	0	0	0	1	0	0	0	0
0	0	0	1	0	0	0	0	1	0	0	0	0
0	0	0	1	0	0	0	0	1	0	0	0	0
0	0	0	1	0	0	0	0	1	0	0	0	0
0	0	0	1	0	0	0	0	1	0	0	0	0
0	0	0	1	0	0	0	0	1	0	0	0	0
0	0	0	1	0	0	0	0	1	0	0	0	0
0	0	0	1	0	0	0	0	1	0	0	0	0
0	0	0	1	0	0	0	0	1	0	0	0	0
0	0	0	1	0	0	0	0	1	0	0	0	0
0	0	0	1	0	0	0	0	1	0	0	0	0
0	0	0	1	0	0	0	0	1	0	0	0	0
0	0	0	1	0	0	0	0	1	0	0	0	0
0	0	0	1	0	0	0	0	1	0	0	0	0
0	0	0	1	0	0	0	0	1	0	0	0	0
0	0	0	1	0	0	0	0	1	0	0	0	0
0	0	0	1	0	0	0	0	1	0	0	0	0
0	0	0	1	0	0	0	0	1	0	0	0	0
0	0	0	1	0	0	0	0	1	0	0	0	0
0	0	0	1	0	0	0	0	1	0	0	0	0
0	0	0	1	0	0	0	0	1	0	0	0	0
0	0	0	1	0	0	0	0	1	0	0	0	0
0	0	0	1	0	0	0	0	1	0	0	0	0
0	0	0	1	0	0	0	0	1	0	0	0	0
0	0	0		1	0	0	0	0	1	0	0.74	0	1
0	0	0		1	0	0	0	0	1	0	0.63	0	0.972222
0	0	0		1	0	0	0	0	1	0	0.68	0	0.944444
0	0	0		1	0	0	0	0	1	0	0.96	0	0.916667
0	0	0		1	0	0	0	0	1	0	0.97	0	0.888889
0	0	0		1	0	0	0	0	1	0	0.77	0	0.861111
0	0	0		1	0	0	0	0	1	0	0.71	0	0.833333
0	0	0		1	0	0	0	0	1	0	0.81	0	0.805556
0	0	0		1	0	0	0	0	1	0	0.78	0	0.777778
0	0	0		1	0	0	0	0	1	0	0.99	0	0.75
0	0	0		1	0	0	0	0	1	0	0.84	0	0.722222
0	0	0		1	0	0	0	0	1	0	0.78	0	0.694444
0	0	0		1	0	0	0	0	1	0	0.99	0	0.666667
0	0	0		1	0	0	0	0	1	0	0.74	0	0.638889
0	0	0		1	0	0	0	0	1	0	0.69	0	0.611111
0	0	0		1	0	0	0	0	1	0	0.71	0	0.583333
0	0	0		1	0	0	0	0	1	0	0.71	0	0.555556
0	0	0		1	0	0	0	0	1	0	0.67	0	0.527778
0	0	0		1	0	0	0	0	1	0	0.76	0	0.5
0	0	0		1	0	0	0	0	1	0	0.65	0	0.472222
0	0	0		1	0	0	0	0	1	0	0.75	0	0.444444
0	0	0		1	0	0	0	0	1	0	0.57	0	0.416667
0	0	0		1	0	0	0	0	1	0	0.56	0	0.388889
0	0	0		1	0	0	0	0	1	0	0.57	0	0.361111
0	0	0		1	0	0	0	0	1	0	0.67	0	0.333333
0	0	0		1	0	0	0	0	1	0	0.93	0	0.305556
0	0	0		1	0	0	0	0	1	0	0.64	0	0.277778
0	0	0		1	0	0	0	0	1	0	0.73	0	0.25
0	0	0		1	0	0	0	0	1	0	0.92	0	0.222222
0	0	0		1	0	0	0	0	1	0	0.65	0	0.194444
0	0	0		1	0	0	0	0	1	0	0.61	0	0.166667
0	0	0		1	0	0	0	0	1	0	0.62	0	0.138889
0	0	0		1	0	0	0	0	1	0	0.58	0	0.111111
0	0	0		1	0	0	0	0	1	0	0.51	0	0.0833333
0	0	0		1	0	0	0	0	1	0	0.93	0	0.0555556
0	0	0		1	0	0	0	0	1	0	0.76	0	0.0277778
